date,symbol,open,high,low,close,volume
2014-06-06,ANET,3.453125,3.75,3.4375,3.4375,116081380
2014-06-09,ANET,3.515625,3.5625,3.4375,3.45,11469376
2014-06-10,ANET,3.453125,3.75,3.453125,3.75,15787376
2014-06-11,ANET,3.75,3.96875,3.6662688,3.96875,10584832
2014-06-12,ANET,3.978125,4.239375,3.941875,4.125,11808864
2014-06-13,ANET,4.279375,4.5,4.1875,4.34875,17061152
2014-06-16,ANET,4.45125,4.46875,4.2271814,4.46875,6673824
2014-06-17,ANET,4.493125,4.5393686,4.3125,4.356875,4475472
2014-06-18,ANET,4.379375,4.4375,4.2425,4.31,3340352
2014-06-19,ANET,4.251875,4.300625,4.031875,4.104375,10448320
2014-06-20,ANET,4.065625,4.28125,4.03125,4.071875,4707632
2014-06-23,ANET,4.06375,4.218125,4.06375,4.106875,1864288
2014-06-24,ANET,4.146875,4.171875,3.991875,4.0175,3084464
2014-06-25,ANET,3.988125,4.084875,3.875,4.030625,2978784
2014-06-26,ANET,4.050625,4.050625,3.90625,3.988125,1553824
2014-06-27,ANET,3.994375,3.994375,3.890625,3.909375,3915840
2014-06-30,ANET,3.879375,4.075,3.879375,3.899375,3711488
2014-07-01,ANET,4.185625,4.801869,4.13125,4.75,26563600
2014-07-02,ANET,4.92125,5.033125,4.575,4.709375,18024544
2014-07-03,ANET,4.7775,4.8516874,4.63125,4.775625,3902144
2014-07-07,ANET,4.6975,4.830625,4.501875,4.510625,5067168
2014-07-08,ANET,4.495625,4.503125,3.94625,4.339375,18859184
2014-07-09,ANET,4.33125,4.55625,4.125625,4.49375,5958880
2014-07-10,ANET,4.22,4.38375,4.1952314,4.23375,4749520
2014-07-11,ANET,4.3,4.40625,4.271875,4.351875,3067696
2014-07-14,ANET,4.4625,4.5,4.283125,4.309375,2095392
2014-07-15,ANET,4.340625,4.4099813,4.125,4.168125,3617488
2014-07-16,ANET,4.191875,4.25,3.975625,4.033125,3962880
2014-07-17,ANET,3.993125,4.10125,3.944375,3.985,2083536
2014-07-18,ANET,4.001875,4.05625,3.9593937,4,1980144
2014-07-21,ANET,4.008125,4.045625,3.938125,3.951875,2299232
2014-07-22,ANET,3.985,4.185,3.96625,4.094375,3774176
2014-07-23,ANET,4.118125,4.1675,4.025,4.05125,2366656
2014-07-24,ANET,4.069375,4.135,3.985625,4.015625,2922320
2014-07-25,ANET,4.009375,4.04875,3.906875,3.9775,1849024
2014-07-28,ANET,4.0325,4.034,3.939375,3.963125,1145536
2014-07-29,ANET,3.974375,4.003125,3.9468813,3.990625,1702208
2014-07-30,ANET,4.03,4.24375,3.998125,4.236875,9729440
2014-07-31,ANET,4.14625,4.1875,4.069375,4.1325,4123424
2014-08-01,ANET,4.11375,4.21875,4.078125,4.100625,3098832
2014-08-04,ANET,4.124375,4.34375,4.105,4.326875,4089424
2014-08-05,ANET,4.301875,4.5625,4.25125,4.505625,6439056
2014-08-06,ANET,4.46125,4.53125,4.345631,4.42625,3610144
2014-08-07,ANET,4.485625,4.54125,4.449,4.51375,6676240
2014-08-08,ANET,4.953125,4.9925,4.46875,4.501875,22834176
2014-08-11,ANET,4.543125,4.5875,4.206875,4.36625,11848352
2014-08-12,ANET,4.3425,4.480375,4.3425,4.444375,3567696
2014-08-13,ANET,4.44625,4.498125,4.333625,4.365,4376000
2014-08-14,ANET,4.358125,4.48125,4.3,4.425625,4266064
2014-08-15,ANET,4.46375,4.46375,4.33625,4.36375,2265216
2014-08-18,ANET,4.428125,4.460625,4.328125,4.406875,2814160
2014-08-19,ANET,4.42125,4.69875,4.3853126,4.6875,7650048
2014-08-20,ANET,4.645625,4.8293123,4.556294,4.775,6337536
2014-08-21,ANET,4.7425,4.899375,4.708125,4.834375,6964368
2014-08-22,ANET,4.780625,4.81,4.703125,4.72625,2841984
2014-08-25,ANET,4.753125,4.84,4.675625,4.72375,2838352
2014-08-26,ANET,4.715,4.798125,4.6665688,4.760625,2603392
2014-08-27,ANET,4.749375,5.216875,4.748125,5.1975,11587248
2014-08-28,ANET,5.185,5.243125,5.098125,5.215625,5493264
2014-08-29,ANET,5.305625,5.3618126,5.17125,5.240625,5288336
2014-09-02,ANET,5.32125,5.4175,5.264375,5.38125,5274976
2014-09-03,ANET,5.4475,5.4725,5.306875,5.350625,5365680
2014-09-04,ANET,5.338125,5.58125,5.324375,5.468125,5163264
2014-09-05,ANET,5.46375,5.708125,5.383125,5.695,3760304
2014-09-08,ANET,5.696875,5.87125,5.355625,5.47875,11846880
2014-09-09,ANET,5.5,5.555125,5.23625,5.2675,5438688
2014-09-10,ANET,5.311875,5.5525,5.19625,5.546875,5292400
2014-09-11,ANET,5.50625,5.680625,5.4775,5.546875,2881024
2014-09-12,ANET,5.555625,5.588125,5.3125,5.391875,3121472
2014-09-15,ANET,5.4575,5.515625,5.15875,5.176875,6560240
2014-09-16,ANET,5.141875,5.33375,5.0500064,5.25,4295296
2014-09-17,ANET,5.299375,5.37125,5.20125,5.219375,3212848
2014-09-18,ANET,5.28125,5.4025,5.251881,5.383125,3768432
2014-09-19,ANET,5.43375,5.478125,5.30625,5.478125,8355760
2014-09-22,ANET,5.430625,5.540625,5.2225,5.24,7271872
2014-09-23,ANET,5.215,5.394375,5.19125,5.279375,4716912
2014-09-24,ANET,5.2,5.49375,5.2,5.444375,4486496
2014-09-25,ANET,5.419375,5.5275,5.23875,5.26875,5271312
2014-09-26,ANET,5.271875,5.3696876,5.27125,5.320625,4633504
2014-09-29,ANET,5.27875,5.859375,5.25,5.831875,12205152
2014-09-30,ANET,5.8475,5.9275,5.413125,5.520625,17621536
2014-10-01,ANET,5.5025,5.5331187,5.1950064,5.25375,9644000
2014-10-02,ANET,5.278125,5.3156185,4.97625,5.264375,7669664
2014-10-03,ANET,5.36125,5.444375,5.216875,5.358125,5515952
2014-10-06,ANET,5.37375,5.411244,5.175625,5.2925,5783296
2014-10-07,ANET,5.195625,5.28,5.1384373,5.175625,7203120
2014-10-08,ANET,5.270625,5.5575,5.19,5.5275,9485872
2014-10-09,ANET,5.5275,5.640625,5.2909126,5.36375,8337984
2014-10-10,ANET,5.289375,5.419375,4.860625,4.883125,21909152
2014-10-13,ANET,4.91125,4.97625,4.5815625,4.605625,9666944
2014-10-14,ANET,4.625,4.71125,4.39375,4.595,11138976
2014-10-15,ANET,4.5625,4.7325,4.4375,4.690625,9669536
2014-10-16,ANET,4.655625,4.76375,4.5875,4.660625,9387312
2014-10-17,ANET,4.745625,4.843125,4.741875,4.795,10369520
2014-10-20,ANET,4.83875,4.953125,4.71375,4.774375,4687776
2014-10-21,ANET,4.894375,4.89875,4.800625,4.844375,5572912
2014-10-22,ANET,4.875,4.884375,4.48,4.51125,7981136
2014-10-23,ANET,4.579375,4.711875,4.51625,4.615,8111984
2014-10-24,ANET,4.6125,4.686875,4.546875,4.683125,4473104
2014-10-27,ANET,4.66875,4.66875,4.56875,4.585,3285584
2014-10-28,ANET,4.59625,4.644125,4.535,4.615,6922016
2014-10-29,ANET,4.615625,4.725,4.514375,4.564375,5095920
2014-10-30,ANET,4.58125,4.6875,4.568125,4.618125,4926000
2014-10-31,ANET,4.6775,5.18325,4.6625,5.078125,10361936
2014-11-03,ANET,5.296875,5.375,5.085,5.355625,8018272
2014-11-04,ANET,5.355625,5.450625,5.16,5.399375,9256048
2014-11-05,ANET,5.58,5.618125,5.173125,5.2575,12171328
2014-11-06,ANET,5.33875,5.45625,5.2,5.453125,11552240
2014-11-07,ANET,4.928125,5.065625,4.78125,4.864375,26412624
2014-11-10,ANET,4.8765626,5.02125,4.788125,4.799375,12016400
2014-11-11,ANET,4.65875,4.96125,4.625,4.92125,23789456
2014-11-12,ANET,4.92125,4.96125,4.78125,4.8275,9133888
2014-11-13,ANET,4.8125,4.921875,4.764375,4.810625,6043024
2014-11-14,ANET,4.810625,4.85875,4.781875,4.855625,5188832
2014-11-17,ANET,4.79,4.821875,4.73875,4.79375,5948304
2014-11-18,ANET,4.79375,4.840625,4.769381,4.8,5060880
2014-11-19,ANET,4.7625,4.831875,4.7625,4.8125,6099936
2014-11-20,ANET,4.773125,4.773125,4.666875,4.69875,9615280
2014-11-21,ANET,4.71875,4.765625,4.628125,4.634375,6756576
2014-11-24,ANET,4.640625,4.668119,4.54125,4.55875,6808656
2014-11-25,ANET,4.583125,4.6753125,4.5625,4.60875,6751456
2014-11-26,ANET,4.68125,4.8686876,4.653125,4.759375,8447792
2014-11-28,ANET,4.7925,4.8078127,4.7225,4.741875,3309312
2014-12-01,ANET,4.625,4.709375,4.459375,4.47375,11739904
2014-12-02,ANET,4.466875,4.53125,4.22375,4.33875,16875248
2014-12-03,ANET,4.33875,4.56,4.325625,4.539375,17323232
2014-12-04,ANET,4.54375,4.625,4.47875,4.595625,5374288
2014-12-05,ANET,4.578125,4.65625,4.2312565,4.265,29648576
2014-12-08,ANET,4.225625,4.225625,3.6975,4.05125,47558544
2014-12-09,ANET,3.975,4.146875,3.96375,4.136875,12034928
2014-12-10,ANET,4.12375,4.14375,4.0525,4.073125,10113664
2014-12-11,ANET,4.09375,4.26,4.09375,4.24375,11191648
2014-12-12,ANET,4.165,4.294256,4.125,4.246875,10185136
2014-12-15,ANET,4.19875,4.243125,4.18375,4.211875,7972016
2014-12-16,ANET,4.189375,4.30375,4.16,4.27125,9615008
2014-12-17,ANET,4.259375,4.3375,4.176875,4.205,9704848
2014-12-18,ANET,4.24125,4.26875,4.125,4.173125,17916544
2014-12-19,ANET,4.20625,4.3075,4.14375,4.158125,10073360
2014-12-22,ANET,4.13125,4.149375,3.975625,4.079375,11803024
2014-12-23,ANET,4.08375,4.118744,3.965625,4.04375,8632512
2014-12-24,ANET,4.056875,4.080625,4.025625,4.0625,4390112
2014-12-26,ANET,4.113125,4.113125,3.993125,4.078125,6173952
2014-12-29,ANET,4.07625,4.1025,3.82625,3.848125,12275152
2014-12-30,ANET,3.818125,3.90625,3.768125,3.79,9676544
2014-12-31,ANET,3.79375,3.869375,3.79375,3.7975,5713984
2015-01-02,ANET,3.7975,3.9296875,3.76,3.9175,5927808
2015-01-05,ANET,3.9375,4.046875,3.878125,3.9875,7507280
2015-01-06,ANET,4,4.056875,3.888125,3.988125,5774000
2015-01-07,ANET,4.024375,4.09375,3.99875,4.07125,6559472
2015-01-08,ANET,4.106875,4.176875,4.0535,4.1325,7591344
2015-01-09,ANET,4.126875,4.171875,4.102506,4.15125,4046192
2015-01-12,ANET,4.13,4.15125,4.0875,4.129375,6982496
2015-01-13,ANET,4.129375,4.129375,4.000625,4.079375,9892448
2015-01-14,ANET,4.03125,4.07125,4,4.06625,5604096
2015-01-15,ANET,4.096875,4.11375,3.9384375,3.950625,7047200
2015-01-16,ANET,3.905,4.05,3.8875,4.03375,5892832
2015-01-20,ANET,4.03375,4.104375,3.9985313,4.091875,4507696
2015-01-21,ANET,4.091875,4.13875,4.004375,4.0175,4051792
2015-01-22,ANET,4.005,4.026875,3.921875,3.96875,6035360
2015-01-23,ANET,3.96875,4.043125,3.92625,3.963125,7529792
2015-01-26,ANET,3.963125,4.021875,3.88875,4.021875,4984608
2015-01-27,ANET,3.993125,4.0071874,3.923125,3.97625,2659408
2015-01-28,ANET,4.00625,4.139375,3.981875,4.089375,8493136
2015-01-29,ANET,4.113125,4.179375,3.85375,3.96625,10254288
2015-01-30,ANET,3.911875,3.9643688,3.895,3.945,7308256
2015-02-02,ANET,3.935,3.986875,3.84375,3.91625,6596192
2015-02-03,ANET,3.915,3.958125,3.908125,3.919375,3864912
2015-02-04,ANET,3.84375,3.873375,3.7375,3.80375,10570944
2015-02-05,ANET,3.80375,3.872375,3.7615626,3.78125,4009680
2015-02-06,ANET,3.775,3.7775,3.506875,3.544375,13983696
2015-02-09,ANET,3.531875,3.75,3.5313876,3.75,9756720
2015-02-10,ANET,3.75,4.121875,3.7268813,3.941875,19624784
2015-02-11,ANET,3.91,3.93625,3.789375,3.844375,5456512
2015-02-12,ANET,3.871875,3.871875,3.755,3.811875,6348160
2015-02-13,ANET,3.81,3.99625,3.8046875,3.933125,5121776
2015-02-17,ANET,3.989375,4.05625,3.9625,3.999375,3665120
2015-02-18,ANET,3.99125,4.07375,3.9125,4.07375,5805264
2015-02-19,ANET,4.093125,4.25,4.078125,4.249375,18987104
2015-02-20,ANET,4.513125,4.625,4.24375,4.28125,56767230
2015-02-23,ANET,4.371875,4.4625,4.26875,4.315625,17300192
2015-02-24,ANET,4.246875,4.28125,4.140625,4.146875,31371936
2015-02-25,ANET,4.146875,4.255,4.139375,4.189375,15925488
2015-02-26,ANET,4.21125,4.3025,4.196875,4.298125,13488128
2015-02-27,ANET,4.304375,4.375,4.28125,4.325625,11650016
2015-03-02,ANET,4.3125,4.368125,4.26,4.316875,8489616
2015-03-03,ANET,4.3125,4.375,4.250625,4.336875,12462672
2015-03-04,ANET,4.2975,4.32375,4.195,4.21375,9970416
2015-03-05,ANET,4.229375,4.350625,4.195,4.33,11256672
2015-03-06,ANET,4.28125,4.306875,4.18375,4.243125,8778944
2015-03-09,ANET,4.256875,4.311875,4.230625,4.280625,10720192
2015-03-10,ANET,4.246875,4.2825,4.237,4.25125,5786768
2015-03-11,ANET,4.29125,4.311875,4.233756,4.299375,7922848
2015-03-12,ANET,4.275625,4.351875,4.245625,4.308125,6860592
2015-03-13,ANET,4.29625,4.34,4.284375,4.315625,13092384
2015-03-16,ANET,4.3125,4.48125,4.30375,4.470625,19686016
2015-03-17,ANET,4.484375,4.639375,4.4625,4.603125,30162688
2015-03-18,ANET,4.645,4.6525,4.54625,4.639375,13437968
2015-03-19,ANET,4.625,4.6575,4.5375,4.578125,13618496
2015-03-20,ANET,4.59875,4.6075,4.4625,4.49375,41432416
2015-03-23,ANET,4.4925,4.575625,4.43375,4.540625,8659920
2015-03-24,ANET,4.455625,4.476875,4.37625,4.3825,17151600
2015-03-25,ANET,4.409375,4.421875,4.235,4.295,11293472
2015-03-26,ANET,4.211875,4.32125,4.183131,4.301875,9828848
2015-03-27,ANET,4.261875,4.3156185,4.22,4.2425,4922816
2015-03-30,ANET,4.26375,4.29125,4.19375,4.2825,5317504
2015-03-31,ANET,4.274375,4.415625,4.1875,4.408125,9780272
2015-04-01,ANET,4.36125,4.3853126,4.261875,4.35125,9797184
2015-04-02,ANET,4.208125,4.21875,4.095,4.125625,27867184
2015-04-06,ANET,4.134375,4.166875,4.0796876,4.111875,10214976
2015-04-07,ANET,4.125,4.19875,4.10625,4.135,6567920
2015-04-08,ANET,4.140625,4.15625,4.05,4.131875,6628160
2015-04-09,ANET,4.108125,4.20125,4.078125,4.101875,5442992
2015-04-10,ANET,4.095625,4.1081185,4.021875,4.078125,8756864
2015-04-13,ANET,4.091875,4.168125,4.089375,4.13375,6727264
2015-04-14,ANET,4.125,4.203125,4.125,4.145,6213088
2015-04-15,ANET,4.16,4.236875,4.125,4.236875,8428336
2015-04-16,ANET,4.219375,4.2296686,4.095,4.104375,7738320
2015-04-17,ANET,4.081875,4.105625,4.05,4.060625,7818528
2015-04-20,ANET,4.085625,4.105375,3.978125,4.066875,8553872
2015-04-21,ANET,4.093125,4.2025,4.0925,4.116875,6907824
2015-04-22,ANET,4.11625,4.1645,4.07625,4.141875,4022960
2015-04-23,ANET,4.129375,4.18125,4.090625,4.134375,5262272
2015-04-24,ANET,4.185625,4.34125,4.1225,4.149375,5111056
2015-04-27,ANET,4.171875,4.1843686,4.035,4.0375,6317264
2015-04-28,ANET,4.05125,4.148125,3.97875,4.106875,5338112
2015-04-29,ANET,4.104375,4.13375,4.0275,4.0475,9645920
2015-04-30,ANET,4.035,4.0625,3.9875,4.000625,5598640
2015-05-01,ANET,4.005,4.0525,3.953125,4.044375,4470160
2015-05-04,ANET,4.015,4.080625,3.98625,4.040625,4990816
2015-05-05,ANET,4.04125,4.0625,3.96875,3.98875,4185856
2015-05-06,ANET,4,4.035625,3.9475,3.970625,5073744
2015-05-07,ANET,3.966875,4.096875,3.966875,4.059375,4372400
2015-05-08,ANET,4.075,4.125,4.06375,4.1125,3856976
2015-05-11,ANET,4.121875,4.235625,4.11,4.228125,4594480
2015-05-12,ANET,4.18875,4.216125,4.0865626,4.115625,12529552
2015-05-13,ANET,4.1375,4.16125,4.126875,4.144375,7345648
2015-05-14,ANET,4.186875,4.3125,4.13125,4.306875,21648608
2015-05-15,ANET,4.14875,4.2125,4.003125,4.08875,34031936
2015-05-18,ANET,4.0875,4.2425,4.0703125,4.233125,11846880
2015-05-19,ANET,4.2425,4.279375,4.1906314,4.221875,7973904
2015-05-20,ANET,4.2225,4.245,4.180625,4.2175,7721504
2015-05-21,ANET,4.21875,4.278125,4.197606,4.244375,8187808
2015-05-22,ANET,4.2425,4.31,4.235,4.304375,7325536
2015-05-26,ANET,4.3125,4.3625,4.27,4.296875,16015248
2015-05-27,ANET,4.281875,4.310625,4.24625,4.260625,7131648
2015-05-28,ANET,4.26625,4.337494,4.25,4.315625,6488320
2015-05-29,ANET,4.32,4.369375,4.29875,4.369375,12727376
2015-06-01,ANET,4.371875,4.375,4.3275,4.363125,8064240
2015-06-02,ANET,4.355,4.484375,4.320625,4.475625,12597728
2015-06-03,ANET,4.505,4.679375,4.4845314,4.678125,27473472
2015-06-04,ANET,4.66,4.68375,4.602681,4.624375,10876000
2015-06-05,ANET,4.6,4.86875,4.59375,4.818125,22767824
2015-06-08,ANET,4.884375,4.96375,4.8175,4.920625,18181728
2015-06-09,ANET,4.930625,4.988125,4.8912563,4.98625,10604800
2015-06-10,ANET,4.98625,5.093125,4.91,5.063125,20442624
2015-06-11,ANET,5.09375,5.107181,4.97125,5.02125,9637744
2015-06-12,ANET,4.994375,5.10625,4.917594,5.0725,12136192
2015-06-15,ANET,5.05875,5.246875,5.0225,5.2025,15890576
2015-06-16,ANET,5.215,5.365,5.21,5.310625,15590432
2015-06-17,ANET,5.36625,5.414375,5.26125,5.3575,14062368
2015-06-18,ANET,5.385,5.4925,5.3725,5.441875,17131168
2015-06-19,ANET,5.4375,5.4674935,5.3825,5.419375,18535120
2015-06-22,ANET,5.444375,5.51875,5.36,5.48,12691648
2015-06-23,ANET,5.471875,5.519375,5.43125,5.46625,9386016
2015-06-24,ANET,5.476875,5.535,5.3475,5.450625,11857744
2015-06-25,ANET,5.47875,5.47875,5.31625,5.335,12800800
2015-06-26,ANET,5.280625,5.301875,5.089375,5.14,45179310
2015-06-29,ANET,5.0625,5.204375,5.03375,5.06,17087888
2015-06-30,ANET,5.125,5.1571875,5.0825,5.10875,10352416
2015-07-01,ANET,5.1625,5.21875,5.099375,5.115,9591984
2015-07-02,ANET,5.136875,5.1875,5.085625,5.11625,8199408
2015-07-06,ANET,5.095,5.14,5.00625,5.05125,12965984
2015-07-07,ANET,5.0625,5.12075,4.78875,4.990625,16101344
2015-07-08,ANET,4.961875,4.961875,4.813125,4.843125,11770816
2015-07-09,ANET,4.93375,4.9625,4.875,4.893125,7443664
2015-07-10,ANET,4.95875,5.046875,4.921875,5.033125,6365936
2015-07-13,ANET,5.074375,5.096875,4.906875,4.966875,7882592
2015-07-14,ANET,5.018125,5.129375,4.96875,5.096875,7654752
2015-07-15,ANET,5.085,5.178125,5.084375,5.1175,8060624
2015-07-16,ANET,5.175,5.288125,5.126875,5.245625,12512064
2015-07-17,ANET,5.268125,5.29875,5.2375,5.29375,7438432
2015-07-20,ANET,5.3125,5.3856187,5.2175,5.25375,8258736
2015-07-21,ANET,5.266875,5.2925,5.191875,5.22375,5599392
2015-07-22,ANET,5.189375,5.3625,5.1675,5.325,9180208
2015-07-23,ANET,5.325,5.515625,5.235,5.261875,13085440
2015-07-24,ANET,5.30625,5.4184375,5.28125,5.295,7174944
2015-07-27,ANET,5.328125,5.328125,5.141875,5.17125,5595424
2015-07-28,ANET,5.185,5.243125,5.025625,5.046875,10342688
2015-07-29,ANET,5.063125,5.12,4.943875,5.025625,11746368
2015-07-30,ANET,5.03375,5.315625,4.993125,5.310625,8723360
2015-07-31,ANET,5.363125,5.364375,5.228125,5.279375,9455232
2015-08-03,ANET,5.268125,5.294375,5.200625,5.289375,6388624
2015-08-04,ANET,5.25875,5.283125,5.1428127,5.18375,7105824
2015-08-05,ANET,5.200625,5.35,5.200625,5.286875,7140880
2015-08-06,ANET,5.25375,5.3049064,5.0775,5.09875,19248016
2015-08-07,ANET,5.16625,5.475,5.105,5.255,35940190
2015-08-10,ANET,5.28125,5.34375,5.10625,5.22,12678512
2015-08-11,ANET,5.174375,5.225625,4.900625,4.97,12688656
2015-08-12,ANET,4.945,5.058125,4.8758125,5.021875,9567952
2015-08-13,ANET,5.028125,5.123125,5.0225,5.086875,5236064
2015-08-14,ANET,5.07625,5.124375,4.994375,5.05,5524048
2015-08-17,ANET,4.98625,5.160625,4.965,5.12375,5346160
2015-08-18,ANET,5.124375,5.124375,4.99,4.9925,6407168
2015-08-19,ANET,4.895,5.03625,4.855625,4.97125,6328720
2015-08-20,ANET,4.95375,4.97,4.624375,4.630625,10709936
2015-08-21,ANET,4.5525,4.76875,4.453125,4.623125,13661392
2015-08-24,ANET,4.375625,4.71,3.96,4.47625,19998032
2015-08-25,ANET,4.574375,4.68375,4.500625,4.503125,6513888
2015-08-26,ANET,4.604375,4.6775,4.53125,4.666875,8775744
2015-08-27,ANET,4.69375,4.78625,4.643125,4.7025,6718240
2015-08-28,ANET,4.749375,4.80625,4.66975,4.773125,4724272
2015-08-31,ANET,4.745,4.766875,4.63875,4.674375,4930848
2015-09-01,ANET,4.58125,4.6575,4.4825,4.494375,10069792
2015-09-02,ANET,4.563125,4.6055875,4.40625,4.575,11275264
2015-09-03,ANET,4.609375,4.67875,4.565,4.6225,9427040
2015-09-04,ANET,4.570625,4.71,4.570625,4.679375,9271056
2015-09-08,ANET,4.729375,4.923125,4.7125,4.89125,12853824
2015-09-09,ANET,4.90625,4.90625,4.611875,4.626875,12749520
2015-09-10,ANET,4.608125,4.649375,4.351875,4.3675,18733952
2015-09-11,ANET,4.323125,4.325625,3.81625,4.02875,55283024
2015-09-14,ANET,4.09125,4.155,3.9178126,3.949375,24107840
2015-09-15,ANET,4.00125,4.07875,3.8775,3.96875,15698512
2015-09-16,ANET,4,4.024375,3.8866875,3.969375,17069824
2015-09-17,ANET,3.985,4.125,3.975,4.045625,17904880
2015-09-18,ANET,4.019375,4.245625,4.018875,4.18,36779870
2015-09-21,ANET,4.2325,4.240625,4.069375,4.166875,18231344
2015-09-22,ANET,4.100625,4.186875,4.068125,4.1475,15327136
2015-09-23,ANET,4.1425,4.1525,4.061875,4.095,13520304
2015-09-24,ANET,4.09625,4.1199937,3.975,4.0625,16828960
2015-09-25,ANET,4.080625,4.114375,3.945,3.96875,11515536
2015-09-28,ANET,3.96875,4.053125,3.833125,3.89,19059664
2015-09-29,ANET,3.908125,3.955,3.7559376,3.804375,8249584
2015-09-30,ANET,3.825,3.846875,3.780625,3.824375,8012640
2015-10-01,ANET,3.82,3.856875,3.73125,3.8125,11356736
2015-10-02,ANET,3.776875,3.93125,3.77375,3.925,8593936
2015-10-05,ANET,3.965625,4.025625,3.946875,3.994375,10865248
2015-10-06,ANET,3.98375,4.3125,3.85875,4.21125,27551792
2015-10-07,ANET,4.209375,4.31,4.11375,4.185625,13128400
2015-10-08,ANET,4.15625,4.2325,4.099375,4.171875,7184576
2015-10-09,ANET,4.191875,4.22125,4.087619,4.200625,6386688
2015-10-12,ANET,4.20375,4.22875,4.1125,4.1625,7990864
2015-10-13,ANET,4.109375,4.251875,4.0975,4.104375,7890432
2015-10-14,ANET,4.11125,4.128125,4.05,4.058125,7429952
2015-10-15,ANET,4.139375,4.248125,4.105,4.20625,7817936
2015-10-16,ANET,4.215625,4.239375,4.175,4.225,4503088
2015-10-19,ANET,4.219375,4.244375,4.105625,4.121875,4937888
2015-10-20,ANET,4.1175,4.20875,4.0175,4.04125,9675552
2015-10-21,ANET,4.063125,4.081875,3.936875,4.029375,7410928
2015-10-22,ANET,4.024375,4.234375,4.024375,4.195625,8251888
2015-10-23,ANET,4.2375,4.3125,4.2125,4.275,9730400
2015-10-26,ANET,4.2625,4.293125,4.2125,4.248125,3590640
2015-10-27,ANET,4.228125,4.295,4.10125,4.11875,6284816
2015-10-28,ANET,4.1225,4.1778126,4.06625,4.125625,8333664
2015-10-29,ANET,4.098125,4.1175,4.0269375,4.0725,9367440
2015-10-30,ANET,4.1,4.135,4.00625,4.031875,7829200
2015-11-02,ANET,3.90625,3.953125,3.6731312,3.86875,18839104
2015-11-03,ANET,3.86875,3.91125,3.76625,3.889375,13909344
2015-11-04,ANET,3.901875,3.966875,3.890125,3.9375,9482832
2015-11-05,ANET,3.9175,3.94,3.8384376,3.8725,19638384
2015-11-06,ANET,4.065625,4.4968686,4.05,4.40375,49432690
2015-11-09,ANET,4.44,4.53875,4.09625,4.30625,19708960
2015-11-10,ANET,4.275,4.30625,4.2375064,4.30625,7709088
2015-11-11,ANET,4.305625,4.310625,4.196875,4.203125,6797984
2015-11-12,ANET,4.185625,4.2325,4.09125,4.1175,7372832
2015-11-13,ANET,4.0975,4.148125,4.04125,4.074375,7014608
2015-11-16,ANET,4.069375,4.25,4.05,4.2425,6784128
2015-11-17,ANET,4.243125,4.366875,4.224375,4.321875,10927392
2015-11-18,ANET,4.295625,4.35875,4.2728124,4.355625,7742384
2015-11-19,ANET,4.34,4.484375,4.315,4.464375,8656928
2015-11-20,ANET,4.47125,4.545625,4.450625,4.46375,7976368
2015-11-23,ANET,4.45625,4.64375,4.454375,4.623125,10871776
2015-11-24,ANET,4.586875,4.6875,4.56625,4.6675,7732208
2015-11-25,ANET,4.6575,4.676875,4.56375,4.61,7418304
2015-11-27,ANET,4.623125,4.623125,4.53,4.5625,2213104
2015-11-30,ANET,4.59875,4.62375,4.546875,4.595,6648544
2015-12-01,ANET,4.608125,4.65625,4.5125,4.64375,4746176
2015-12-02,ANET,4.6575,4.744375,4.6325,4.7075,6960320
2015-12-03,ANET,4.709375,4.74875,4.67875,4.70125,8666368
2015-12-04,ANET,4.695625,4.6990623,4.536875,4.6375,4382192
2015-12-07,ANET,4.618125,4.680625,4.545,4.63875,6091824
2015-12-08,ANET,4.57875,4.614375,4.473125,4.575,7284768
2015-12-09,ANET,4.58875,4.611875,4.474375,4.49,4765616
2015-12-10,ANET,4.53125,4.54375,4.360625,4.40625,5216272
2015-12-11,ANET,4.375,4.4265623,4.209375,4.22125,7916416
2015-12-14,ANET,4.23625,4.544375,4.231875,4.39875,16822304
2015-12-15,ANET,4.419375,4.5196877,4.375,4.488125,8582304
2015-12-16,ANET,4.456875,4.51875,4.38625,4.475,11806400
2015-12-17,ANET,4.505,4.600625,4.46875,4.55375,11604800
2015-12-18,ANET,4.548125,4.5625,4.369375,4.391875,55656320
2015-12-21,ANET,4.416875,4.478125,4.385,4.4725,8057760
2015-12-22,ANET,4.468125,4.598125,4.44625,4.546875,7825264
2015-12-23,ANET,4.575,4.67375,4.546875,4.671875,8539328
2015-12-24,ANET,4.649375,4.700625,4.649375,4.688125,4368512
2015-12-28,ANET,4.661875,4.92125,4.656875,4.8775,19631280
2015-12-29,ANET,4.875,4.965,4.84875,4.91875,13205312
2015-12-30,ANET,4.90125,4.96125,4.875,4.921875,10563088
2015-12-31,ANET,4.88875,4.9646873,4.858125,4.865,7432800
2016-01-04,ANET,4.865625,4.875,4.735,4.8375,16614176
2016-01-05,ANET,4.88625,4.9515624,4.834375,4.8925,13060112
2016-01-06,ANET,4.845625,4.8859377,4.5137563,4.595625,21311616
2016-01-07,ANET,4.5125,4.52875,4.235,4.296875,16093648
2016-01-08,ANET,4.365,4.42875,4.261875,4.304375,12017552
2016-01-11,ANET,4.343125,4.343125,4.1483874,4.250625,9478352
2016-01-12,ANET,4.30125,4.354375,4.0665627,4.155,9360944
2016-01-13,ANET,4.18375,4.245,3.988125,4.044375,9755264
2016-01-14,ANET,4.101875,4.145625,3.985,4.086875,10288352
2016-01-15,ANET,4.001875,4.07,3.8875,4.053125,10341728
2016-01-19,ANET,4.09375,4.100625,3.866875,3.9125,12768512
2016-01-20,ANET,3.851875,3.964375,3.715625,3.96,16327776
2016-01-21,ANET,3.946875,4.019375,3.8771875,3.90875,9333808
2016-01-22,ANET,3.956875,4.08375,3.9526062,4.020625,7925872
2016-01-25,ANET,4.020625,4.021875,3.739375,3.74375,17688144
2016-01-26,ANET,3.7525,3.83625,3.65875,3.750625,16453616
2016-01-27,ANET,3.84375,3.8976562,3.79625,3.803125,10962848
2016-01-28,ANET,3.834375,3.851875,3.646875,3.715625,12724000
2016-01-29,ANET,3.7475,3.76125,3.69375,3.751875,12733760
2016-02-01,ANET,3.7225,3.7225,3.563125,3.70375,15890496
2016-02-02,ANET,3.6875,3.796875,3.345,3.6025,26703984
2016-02-03,ANET,3.67375,3.905,3.6562562,3.871875,22873680
2016-02-04,ANET,3.866875,3.9549687,3.849375,3.898125,11252944
2016-02-05,ANET,3.878125,3.878125,3.689375,3.70125,11180576
2016-02-08,ANET,3.6425,3.654375,3.291875,3.3725,20927792
2016-02-09,ANET,3.346875,3.4371874,3.2815626,3.3125,15694464
2016-02-10,ANET,3.345625,3.44875,3.3029625,3.348125,11524144
2016-02-11,ANET,3.320625,3.43125,3.298125,3.398125,13351952
2016-02-12,ANET,3.4375,3.54375,3.416875,3.515,7507872
2016-02-16,ANET,3.56875,3.708125,3.56875,3.696875,15375248
2016-02-17,ANET,3.71875,3.82,3.679375,3.74125,12319904
2016-02-18,ANET,3.75875,3.77375,3.608125,3.634375,26672944
2016-02-19,ANET,3.874375,4.203125,3.848125,4.0625,69076820
2016-02-22,ANET,4.125,4.166875,4.065625,4.0875,14166064
2016-02-23,ANET,4.11875,4.19125,4.065625,4.1225,11219616
2016-02-24,ANET,4.146875,4.220625,4.066875,4.214375,12859184
2016-02-25,ANET,4.2325,4.304375,4.158125,4.22875,9651008
2016-02-26,ANET,4.21875,4.335625,4.201875,4.31375,11402912
2016-02-29,ANET,4.313125,4.374375,4.28125,4.28375,10066080
2016-03-01,ANET,4.298125,4.329375,4.1719,4.3275,8924816
2016-03-02,ANET,4.255625,4.261875,4.140625,4.16875,14955840
2016-03-03,ANET,4.14,4.2245,4.0721874,4.19375,16077152
2016-03-04,ANET,4.19625,4.23125,4.014375,4.015625,15916368
2016-03-07,ANET,4.01,4.101875,3.94125,4.025,33017168
2016-03-08,ANET,4.011875,4.02875,3.86,3.8675,13518880
2016-03-09,ANET,3.908125,4.005625,3.87125,3.98375,11800880
2016-03-10,ANET,3.975625,4.06875,3.7725,3.819375,16778848
2016-03-11,ANET,3.83875,3.939375,3.825,3.925625,10650192
2016-03-14,ANET,3.86375,3.86375,3.478125,3.533125,52024400
2016-03-15,ANET,3.533125,3.5825,3.50125,3.50625,18932368
2016-03-16,ANET,3.47,3.645625,3.4375687,3.61,19101312
2016-03-17,ANET,3.59625,3.689375,3.515625,3.656875,13166512
2016-03-18,ANET,3.65375,3.7175,3.63,3.648125,13830304
2016-03-21,ANET,3.671875,3.833125,3.641875,3.8,21939584
2016-03-22,ANET,3.755625,3.7911875,3.713125,3.719375,11311520
2016-03-23,ANET,3.7175,3.793125,3.6875,3.716875,11468240
2016-03-24,ANET,3.670625,3.746875,3.65125,3.688125,7315632
2016-03-28,ANET,3.70875,3.743125,3.6525,3.6925,9256320
2016-03-29,ANET,3.699375,3.900625,3.618125,3.868125,17190064
2016-03-30,ANET,3.918125,3.92375,3.821875,3.900625,15170208
2016-03-31,ANET,3.89625,3.9984374,3.860625,3.94375,9732688
2016-04-01,ANET,3.898125,3.9375,3.7875,3.88375,13546448
2016-04-04,ANET,3.8875,3.986875,3.871875,3.960625,9512800
2016-04-05,ANET,3.941875,3.96875,3.861875,3.91375,9611264
2016-04-06,ANET,3.9325,4.0625,3.89,4.05875,11551328
2016-04-07,ANET,4.0425,4.075,3.95,4.0075,10737696
2016-04-08,ANET,4.03375,4.136875,3.999375,4.063125,8871824
2016-04-11,ANET,4.06,4.075,3.97,3.9725,7417184
2016-04-12,ANET,3.94625,3.974625,3.846875,3.866875,10425488
2016-04-13,ANET,3.91125,4.0475,3.8681812,4.041875,7172304
2016-04-14,ANET,4.025,4.06,3.941225,4.030625,4528160
2016-04-15,ANET,3.991875,4.00125,3.915625,3.961875,7519344
2016-04-18,ANET,3.93625,4.0475,3.9,3.9925,7596944
2016-04-19,ANET,3.94625,3.9889376,3.8875,3.940625,10331184
2016-04-20,ANET,3.93,4.015319,3.864375,3.996875,5472464
2016-04-21,ANET,4.005,4.005,3.8825,3.95125,6600000
2016-04-22,ANET,3.980625,4.1075,3.9384375,4.103125,7517168
2016-04-25,ANET,4.05875,4.150625,4.035,4.119375,9570800
2016-04-26,ANET,4.116875,4.169375,4.0875,4.125,7742176
2016-04-27,ANET,4.09125,4.1775,3.991875,4.170625,9688048
2016-04-28,ANET,4.1325,4.17,4.0995626,4.11,7267200
2016-04-29,ANET,4.111875,4.176875,4.065625,4.16375,10679376
2016-05-02,ANET,4.190625,4.2025,4.125625,4.191875,10702944
2016-05-03,ANET,4.165625,4.165625,4.0109377,4.016875,9460848
2016-05-04,ANET,3.986875,4.005625,3.8656313,3.909375,13265776
2016-05-05,ANET,3.93875,3.9781187,3.88375,3.97375,18407632
2016-05-06,ANET,4.08875,4.2125,3.875625,4.176875,37809040
2016-05-09,ANET,4.175625,4.199375,4.055625,4.07875,14888032
2016-05-10,ANET,4.11375,4.2903123,4.1075,4.220625,20451632
2016-05-11,ANET,4.201875,4.26375,4.18875,4.206875,10719360
2016-05-12,ANET,4.216875,4.216875,4.076875,4.160625,13168768
2016-05-13,ANET,4.134375,4.25,4.11875,4.21625,13189728
2016-05-16,ANET,4.21,4.28125,4.20375,4.250625,13182336
2016-05-17,ANET,4.24875,4.26625,4.175,4.18125,6430864
2016-05-18,ANET,4.15125,4.30375,4.125625,4.251875,13301680
2016-05-19,ANET,4.250625,4.32125,4.2165623,4.2625,11520224
2016-05-20,ANET,4.271875,4.390625,4.264831,4.3825,14817920
2016-05-23,ANET,4.355,4.5265627,4.339375,4.474375,13350336
2016-05-24,ANET,4.475,4.53125,4.439375,4.52,9097040
2016-05-25,ANET,4.53125,4.55125,4.481875,4.4975,9876688
2016-05-26,ANET,4.479375,4.520625,4.454375,4.50125,9824992
2016-05-27,ANET,4.5,4.555,4.445625,4.55375,12292048
2016-05-31,ANET,4.5625,4.59875,4.5375,4.580625,8356672
2016-06-01,ANET,4.545625,4.63625,4.50625,4.63,7879472
2016-06-02,ANET,4.63125,4.68125,4.6046877,4.68125,9748832
2016-06-03,ANET,4.68125,4.70875,4.638125,4.6925,13299488
2016-06-06,ANET,4.6875,4.7125,4.64375,4.66625,6677920
2016-06-07,ANET,4.66625,4.686875,4.625,4.66125,11021936
2016-06-08,ANET,4.646875,4.7,4.595625,4.67625,10337184
2016-06-09,ANET,4.6675,4.7075,4.63625,4.695,7755872
2016-06-10,ANET,4.661875,4.679375,4.553125,4.5675,6960880
2016-06-13,ANET,4.534375,4.55625,4.479375,4.513125,10850256
2016-06-14,ANET,4.5,4.54,4.4809375,4.528125,11276608
2016-06-15,ANET,4.550625,4.59125,4.538125,4.5675,10661136
2016-06-16,ANET,4.543125,4.5853124,4.493125,4.531875,10660672
2016-06-17,ANET,4.54125,4.575,4.496875,4.50375,9283856
2016-06-20,ANET,4.571875,4.60125,4.5203123,4.53125,5555568
2016-06-21,ANET,4.529375,4.545625,4.45875,4.53875,7268272
2016-06-22,ANET,4.53,4.5484376,4.356875,4.46,18494832
2016-06-23,ANET,4.5,4.61375,4.47375,4.61375,12099008
2016-06-24,ANET,4.251875,4.4375,4.15,4.165625,34852640
2016-06-27,ANET,3.94875,3.96875,3.781875,3.808125,43680400
2016-06-28,ANET,3.853125,3.90125,3.785,3.875,9749824
2016-06-29,ANET,3.9275,4.005625,3.88125,3.985,11932512
2016-06-30,ANET,3.994375,4.02625,3.9325,4.02375,8095728
2016-07-01,ANET,4.035,4.070625,3.94,3.97875,9803808
2016-07-05,ANET,3.9375,3.974375,3.888125,3.965625,9457952
2016-07-06,ANET,3.94875,4.041875,3.923125,4.039375,14226224
2016-07-07,ANET,4.045,4.1375,4.045,4.125,9401888
2016-07-08,ANET,4.155625,4.26375,4.12875,4.233125,9994560
2016-07-11,ANET,4.29125,4.47125,4.29125,4.3625,20115248
2016-07-12,ANET,4.41,4.428125,4.37375,4.380625,13938928
2016-07-13,ANET,4.38875,4.436875,4.345625,4.39125,15230048
2016-07-14,ANET,4.405625,4.423125,4.3200064,4.375,9698480
2016-07-15,ANET,4.396875,4.4025,4.33625,4.374375,7089728
2016-07-18,ANET,4.389375,4.471875,4.3825,4.46125,12454128
2016-07-19,ANET,4.45,4.4775,4.4125,4.435,5752160
2016-07-20,ANET,4.435,4.465625,4.3525,4.455625,17649184
2016-07-21,ANET,4.46375,4.494375,4.393125,4.398125,6229024
2016-07-22,ANET,4.40375,4.4601874,4.395,4.40375,7141632
2016-07-25,ANET,4.40375,4.47125,4.4006314,4.448125,8194752
2016-07-26,ANET,4.44875,4.485625,4.425,4.436875,10149776
2016-07-27,ANET,4.46875,4.46875,4.383125,4.41875,7783840
2016-07-28,ANET,4.420625,4.427875,4.3025,4.35125,11508416
2016-07-29,ANET,4.351875,4.46375,4.326875,4.454375,8552976
2016-08-01,ANET,4.44625,4.5275,4.440325,4.5075,8771296
2016-08-02,ANET,4.5,4.5,4.371875,4.386875,11651792
2016-08-03,ANET,4.398125,4.46,4.388125,4.45625,8632192
2016-08-04,ANET,4.4375,4.519375,4.42625,4.499375,12882016
2016-08-05,ANET,4.296875,4.5275,4.296875,4.484375,30018272
2016-08-08,ANET,4.51125,4.555,4.49,4.504375,16755136
2016-08-09,ANET,4.52375,4.63,4.51125,4.62875,14412240
2016-08-10,ANET,4.6125,4.635,4.578125,4.625,7594912
2016-08-11,ANET,4.625,4.75,4.6140623,4.71625,14206832
2016-08-12,ANET,4.715625,4.743125,4.69125,4.73625,9139760
2016-08-15,ANET,4.72125,4.896875,4.704375,4.890625,20718560
2016-08-16,ANET,4.874375,4.8925,4.801875,4.85,13499728
2016-08-17,ANET,4.84875,4.865,4.794375,4.83375,10431984
2016-08-18,ANET,4.8625,4.9425,4.8625,4.939375,15750256
2016-08-19,ANET,4.945625,4.98125,4.9075,4.945,12439440
2016-08-22,ANET,4.918125,4.939375,4.823125,4.8425,11142144
2016-08-23,ANET,4.785,4.8925,4.750625,4.8775,14728928
2016-08-24,ANET,4.899375,4.9275,4.834375,4.845625,6589584
2016-08-25,ANET,4.81875,4.93,4.8122125,4.924375,8436848
2016-08-26,ANET,4.90625,4.968125,4.8638124,4.936875,8838544
2016-08-29,ANET,4.925625,4.9925,4.91375,4.985625,11130624
2016-08-30,ANET,4.96,5.03,4.9325,4.980625,11494240
2016-08-31,ANET,4.981875,4.98875,4.931875,4.98,7829472
2016-09-01,ANET,4.995625,5.024375,4.955625,4.979375,10764864
2016-09-02,ANET,5.005,5.068125,4.95625,5.059375,11538384
2016-09-06,ANET,5.05875,5.105619,5.00875,5.074375,7813248
2016-09-07,ANET,5.055,5.115,5.044769,5.084375,6895520
2016-09-08,ANET,5.078125,5.109375,5.06125,5.084375,5441024
2016-09-09,ANET,5.05625,5.111875,4.98375,4.985,8604016
2016-09-12,ANET,4.9475,5.07875,4.885,5.05625,8458816
2016-09-13,ANET,5.03125,5.0775,5.008125,5.045625,9566000
2016-09-14,ANET,5.04625,5.266875,5.045625,5.195625,28874416
2016-09-15,ANET,5.158125,5.293125,5.136875,5.276875,10870336
2016-09-16,ANET,5.254375,5.31875,5.23125,5.314375,18784016
2016-09-19,ANET,5.2175,5.24875,5.08125,5.126875,16435888
2016-09-20,ANET,5.14375,5.205625,5.100625,5.11375,10151792
2016-09-21,ANET,5.14125,5.24125,5.14125,5.235625,6956336
2016-09-22,ANET,5.275,5.349375,5.267125,5.333125,11376016
2016-09-23,ANET,5.30625,5.37125,5.265,5.3575,11290192
2016-09-26,ANET,5.310625,5.335,5.2738123,5.318125,5276336
2016-09-27,ANET,5.29,5.395,5.29,5.395,7562032
2016-09-28,ANET,5.3675,5.396875,5.32125,5.36,12682096
2016-09-29,ANET,5.361875,5.39125,5.2753124,5.32625,8654560
2016-09-30,ANET,5.3525,5.36625,5.273125,5.3175,11376224
2016-10-03,ANET,5.306875,5.345,5.28625,5.315625,9950160
2016-10-04,ANET,5.349375,5.3615627,5.2975,5.328125,6496688
2016-10-05,ANET,5.363125,5.374375,5.305,5.310625,8390176
2016-10-06,ANET,5.319375,5.34375,5.285,5.341875,5458896
2016-10-07,ANET,5.355625,5.359375,5.3013124,5.32125,5448464
2016-10-10,ANET,5.35625,5.47625,5.311875,5.408125,16929296
2016-10-11,ANET,5.40625,5.40625,5.150625,5.188125,10239776
2016-10-12,ANET,5.175,5.186875,5.10875,5.130625,5868672
2016-10-13,ANET,5.034375,5.068125,4.92625,5.0475,11099904
2016-10-14,ANET,5.125,5.168125,4.984375,5.028125,7934112
2016-10-17,ANET,5.030625,5.07,4.9825,5.045,7149520
2016-10-18,ANET,5.104375,5.11375,5.05125,5.05375,3772720
2016-10-19,ANET,5.0475,5.1325,5.010625,5.11875,5693488
2016-10-20,ANET,5.12,5.1325,5.08125,5.11625,3762688
2016-10-21,ANET,5.103125,5.239375,5.055,5.22375,5870256
2016-10-24,ANET,5.28,5.290625,5.24375,5.251875,4134400
2016-10-25,ANET,5.28875,5.32,5.263125,5.27,4776688
2016-10-26,ANET,5.25,5.3059373,5.24125,5.26375,5412208
2016-10-27,ANET,5.279375,5.29375,5.2225,5.288125,8530992
2016-10-28,ANET,5.27875,5.39375,5.23625,5.31875,14891152
2016-10-31,ANET,5.31875,5.362481,5.2875,5.296875,10964560
2016-11-01,ANET,5.273125,5.3425,5.195,5.260625,11934336
2016-11-02,ANET,5.27,5.3025,5.15875,5.181875,9100832
2016-11-03,ANET,5.2125,5.245,5.09375,5.13,16529168
2016-11-04,ANET,5.05625,5.264375,4.940625,5.206875,29430640
2016-11-07,ANET,5.28875,5.36875,5.246875,5.365,20396944
2016-11-08,ANET,5.375,5.41125,5.273125,5.379375,13500992
2016-11-09,ANET,5.239375,5.358125,5.15625,5.3375,13392000
2016-11-10,ANET,5.39,5.4490623,5.293125,5.369375,17264528
2016-11-11,ANET,5.364375,5.411244,5.295625,5.384375,11653248
2016-11-14,ANET,5.423125,5.51625,5.41125,5.489375,19154080
2016-11-15,ANET,5.486875,5.555,5.375,5.486875,16146064
2016-11-16,ANET,5.485625,5.531875,5.415,5.504375,7383520
2016-11-17,ANET,5.500625,5.5328126,5.48375,5.5025,4410240
2016-11-18,ANET,5.533125,5.585,5.48875,5.49875,8592288
2016-11-21,ANET,5.57875,5.9225,5.57875,5.905,38436864
2016-11-22,ANET,5.905,5.93375,5.879375,5.92375,13683072
2016-11-23,ANET,5.921875,5.966875,5.90625,5.949375,7820688
2016-11-25,ANET,5.921875,5.9375,5.849375,5.91625,5847968
2016-11-28,ANET,5.94125,6.00375,5.881875,5.998125,9924560
2016-11-29,ANET,6,6.0525,5.955625,5.970625,9503872
2016-11-30,ANET,6.005,6.0425,5.90875,5.925625,10663232
2016-12-01,ANET,5.92125,6.015625,5.7563124,5.83125,12538960
2016-12-02,ANET,5.800625,5.933125,5.75375,5.823125,13545536
2016-12-05,ANET,5.785625,5.854375,5.745625,5.796875,12294816
2016-12-06,ANET,5.815625,5.920625,5.770625,5.86625,10910944
2016-12-07,ANET,5.913125,6.13875,5.8475,6.116875,20455328
2016-12-08,ANET,6.156875,6.174375,5.9625,5.985,10627008
2016-12-09,ANET,6,6.03875,5.8731313,5.900625,8202288
2016-12-12,ANET,5.845,5.875,5.69,5.82125,14535312
2016-12-13,ANET,5.8275,5.97625,5.8275,5.939375,9789024
2016-12-14,ANET,5.93375,6.18125,5.861875,6.1175,22884320
2016-12-15,ANET,6.12875,6.1459374,6.011469,6.049375,15822528
2016-12-16,ANET,6.048125,6.175625,6.023125,6.0425,14219264
2016-12-19,ANET,6.08375,6.17375,6.08375,6.12125,14832272
2016-12-20,ANET,6.114375,6.1730623,6.109375,6.125,8872848
2016-12-21,ANET,6.12875,6.16875,6.11625,6.121875,5220560
2016-12-22,ANET,6.121875,6.159375,6.031875,6.05375,7674320
2016-12-23,ANET,6.0525,6.0875,6.035,6.058125,2218992
2016-12-27,ANET,6.075,6.171375,6.075,6.11375,7170240
2016-12-28,ANET,6.128125,6.155625,6.035625,6.078125,6957984
2016-12-29,ANET,6.0775,6.116875,6.01375,6.045625,3839232
2016-12-30,ANET,6.07375,6.095625,6.02875,6.048125,4002880
2017-01-03,ANET,6.09625,6.143125,6.0421877,6.06625,8770896
2017-01-04,ANET,6.093125,6.3925,6.090625,6.358125,33952816
2017-01-05,ANET,6.374375,6.4375,6.326875,6.37125,15636096
2017-01-06,ANET,6.381875,6.413125,6.291875,6.33,7581360
2017-01-09,ANET,6.304375,6.3084373,6.16375,6.22,12053568
2017-01-10,ANET,6.24625,6.33125,6.2225,6.27625,6729808
2017-01-11,ANET,6.308125,6.308125,6.1325,6.216875,7755968
2017-01-12,ANET,6.249375,6.249375,6.0275,6.1875,9453008
2017-01-13,ANET,6.214375,6.315,6.214375,6.266875,5884144
2017-01-17,ANET,5.875,5.89625,5.458125,5.514375,73333280
2017-01-18,ANET,5.49375,5.6875,5.479381,5.544375,19854224
2017-01-19,ANET,5.58625,5.62,5.541875,5.6075,10117696
2017-01-20,ANET,5.66375,5.68125,5.588125,5.6125,11715232
2017-01-23,ANET,5.613125,5.6175,5.471281,5.604375,11905728
2017-01-24,ANET,5.6375,5.7875,5.634375,5.779375,11130000
2017-01-25,ANET,5.87,5.921875,5.754375,5.8175,7959776
2017-01-26,ANET,5.81625,5.849375,5.7275,5.806875,5113968
2017-01-27,ANET,5.78625,5.87125,5.771875,5.86125,5594176
2017-01-30,ANET,5.85125,5.87875,5.7765627,5.854375,5886832
2017-01-31,ANET,5.865,5.8875,5.79875,5.875,6513440
2017-02-01,ANET,5.885625,5.925,5.805,5.8925,7284048
2017-02-02,ANET,5.8925,5.9775,5.853125,5.93,9421664
2017-02-03,ANET,5.939375,5.9878125,5.855625,5.97,7064272
2017-02-06,ANET,5.95375,6.0075,5.933125,5.969375,5736800
2017-02-07,ANET,5.975625,6.030625,5.938125,5.999375,4484832
2017-02-08,ANET,5.999375,6.149375,5.949375,6.09125,8312304
2017-02-09,ANET,6.090625,6.18625,6.090625,6.113125,7377888
2017-02-10,ANET,6.140625,6.2,6.079375,6.17375,6525680
2017-02-13,ANET,6.17375,6.278125,6.16375,6.24375,13496064
2017-02-14,ANET,6.243125,6.3,6.209375,6.295,8421040
2017-02-15,ANET,6.255625,6.3325,6.224375,6.291875,11449920
2017-02-16,ANET,6.291875,6.386869,6.2196875,6.260625,28212448
2017-02-17,ANET,6.9375,7.465625,6.894375,7.44125,94566720
2017-02-21,ANET,7.434375,7.695,7.41,7.66375,26632896
2017-02-22,ANET,7.58125,7.68625,7.546875,7.6125,13759696
2017-02-23,ANET,7.625,7.655625,7.353125,7.365625,18279968
2017-02-24,ANET,7.3125,7.540625,7.2409377,7.536875,14373280
2017-02-27,ANET,7.591875,7.605,7.4925,7.524375,9946048
2017-02-28,ANET,7.4975,7.559375,7.421875,7.436875,10386256
2017-03-01,ANET,7.5,7.569375,7.42375,7.54,12447376
2017-03-02,ANET,7.531875,7.609375,7.45875,7.468125,7520256
2017-03-03,ANET,7.469375,7.51625,7.4125,7.498125,8018736
2017-03-06,ANET,7.435625,7.545625,7.3719373,7.464375,11746656
2017-03-07,ANET,7.486875,7.6625,7.4190626,7.5675,14902944
2017-03-08,ANET,7.594375,7.8125,7.530631,7.720625,22932080
2017-03-09,ANET,7.70125,7.78125,7.611875,7.693125,8835104
2017-03-10,ANET,7.78,7.780625,7.71,7.760625,9310656
2017-03-13,ANET,7.8125,7.9775,7.800625,7.966875,17951872
2017-03-14,ANET,7.970625,7.9898124,7.875625,7.9375,11669856
2017-03-15,ANET,8,8.030625,7.891875,8.0175,18081984
2017-03-16,ANET,8.0525,8.058125,7.936875,7.94625,14334800
2017-03-17,ANET,7.97,8.035,7.924844,8.00625,16466512
2017-03-20,ANET,8.105625,8.214375,8.09125,8.145625,11445808
2017-03-21,ANET,8.205,8.2075,7.976875,7.998125,17742048
2017-03-22,ANET,8.028125,8.171875,8.01615,8.15875,14116448
2017-03-23,ANET,8.14875,8.195,8.0875,8.13,8982992
2017-03-24,ANET,8.19125,8.24875,8.126938,8.235625,10140992
2017-03-27,ANET,8.209375,8.284375,8.134375,8.26125,8745024
2017-03-28,ANET,8.26625,8.38625,8.256256,8.373125,12280064
2017-03-29,ANET,8.3775,8.415625,8.266875,8.33125,8278160
2017-03-30,ANET,8.356875,8.390625,8.29125,8.300625,6528528
2017-03-31,ANET,8.308125,8.321875,8.228125,8.266875,11811424
2017-04-03,ANET,8.233125,8.27875,8.04125,8.23125,16627648
2017-04-04,ANET,8.171875,8.356875,8.1375,8.325,16340128
2017-04-05,ANET,8.36875,8.406875,8.32875,8.375,25146672
2017-04-06,ANET,8.35,8.454344,8.284062,8.4,14674768
2017-04-07,ANET,8.304375,8.35625,8.264375,8.278125,9779824
2017-04-10,ANET,8.278125,8.38125,8.253125,8.329375,6724336
2017-04-11,ANET,8.31125,8.390625,8.216875,8.333125,7957024
2017-04-12,ANET,8.359375,8.359375,8.130625,8.216875,11639104
2017-04-13,ANET,8.240625,8.350743,8.1975,8.21,5226224
2017-04-17,ANET,8.213125,8.325,8.195,8.296875,7690992
2017-04-18,ANET,8.296875,8.353125,8.255,8.31,5158768
2017-04-19,ANET,8.33875,8.425,8.319375,8.364375,7212912
2017-04-20,ANET,8.446875,8.568125,8.3775,8.529375,11555312
2017-04-21,ANET,8.529375,8.546875,8.43875,8.54125,6745280
2017-04-24,ANET,8.63125,8.711875,8.556875,8.6875,10718656
2017-04-25,ANET,8.7,8.77,8.66625,8.71375,9523888
2017-04-26,ANET,8.725,8.74875,8.616875,8.71,11265248
2017-04-27,ANET,8.5625,8.74,8.5625,8.728125,10080368
2017-04-28,ANET,8.700625,8.747494,8.6475,8.7275,14783552
2017-05-01,ANET,8.719375,8.869875,8.663187,8.81875,11291216
2017-05-02,ANET,8.84625,8.869375,8.684375,8.824375,15192448
2017-05-03,ANET,8.811875,8.865625,8.731875,8.7925,10865344
2017-05-04,ANET,8.859375,8.93125,8.64875,8.7625,25768256
2017-05-05,ANET,8.684375,9.05875,8.450625,9.045,36128160
2017-05-08,ANET,9.0625,9.221875,8.8325,8.921875,14244256
2017-05-09,ANET,8.969375,9.09875,8.91375,9.058125,11082976
2017-05-10,ANET,9.10375,9.126875,8.98625,9.089375,11410688
2017-05-11,ANET,9.063125,9.153125,9.01625,9.12625,9018080
2017-05-12,ANET,9.105,9.196875,9.047812,9.17625,7629888
2017-05-15,ANET,9.211875,9.258062,9.156875,9.21375,9312944
2017-05-16,ANET,9.2575,9.2875,9.13125,9.215625,18894528
2017-05-17,ANET,9.124375,9.179375,8.889375,8.8975,14515744
2017-05-18,ANET,8.808125,8.990625,8.675,8.9675,12862656
2017-05-19,ANET,9.05125,9.0875,8.9775,9.004375,9950384
2017-05-22,ANET,8.96375,9.01875,8.890375,8.946875,11329120
2017-05-23,ANET,8.9175,9.001875,8.815625,8.95,13030560
2017-05-24,ANET,8.974375,9.020625,8.950625,9.0175,6521920
2017-05-25,ANET,9.0625,9.264375,9.05375,9.25375,15873856
2017-05-26,ANET,9.25375,9.275,9.066875,9.153125,9906336
2017-05-30,ANET,9.153125,9.21625,9.09375,9.20125,10452944
2017-05-31,ANET,9.2375,9.2525,9.083125,9.21125,41749424
2017-06-01,ANET,9.219375,9.309375,9.019375,9.2825,25180704
2017-06-02,ANET,9.289375,9.53375,9.258125,9.51625,20499056
2017-06-05,ANET,9.51625,9.680625,9.51625,9.645625,14855216
2017-06-06,ANET,9.5975,9.829268,9.57875,9.709375,10374176
2017-06-07,ANET,9.765,9.798125,9.678125,9.753125,9998224
2017-06-08,ANET,9.72125,9.8325,9.670313,9.829375,9366768
2017-06-09,ANET,9.8475,9.910494,9.188125,9.34125,16250832
2017-06-12,ANET,9.2175,9.414375,8.9375,9.36,18458688
2017-06-13,ANET,9.434375,9.585619,9.336875,9.48625,10086144
2017-06-14,ANET,9.490625,9.58625,9.307818,9.440625,8815984
2017-06-15,ANET,9.335625,9.458125,9.244062,9.451875,8632304
2017-06-16,ANET,9.523125,9.571875,9.440625,9.47375,24929392
2017-06-19,ANET,9.590625,9.85375,9.590625,9.79125,13106320
2017-06-20,ANET,9.754375,9.86875,9.675,9.689375,9374528
2017-06-21,ANET,9.71,9.9275,9.702812,9.885,13346080
2017-06-22,ANET,9.875,9.9675,9.75,9.92375,8644048
2017-06-23,ANET,9.9425,10.185625,9.93125,10.10125,24441280
2017-06-26,ANET,10.10875,10.1425,9.75,9.86125,14619120
2017-06-27,ANET,9.83625,9.911294,9.5325,9.55125,12094784
2017-06-28,ANET,9.623125,9.73875,9.485687,9.704375,11819200
2017-06-29,ANET,9.67375,9.69875,9.231875,9.371875,11690816
2017-06-30,ANET,9.401875,9.450625,9.298125,9.361875,8755152
2017-07-03,ANET,9.44125,9.44375,9.146875,9.180625,5725248
2017-07-05,ANET,9.19375,9.345,9.19375,9.28875,14727328
2017-07-06,ANET,9.15625,9.23,9.011875,9.089375,10154272
2017-07-07,ANET,9.128125,9.3225,9.128125,9.298125,11564160
2017-07-10,ANET,9.30375,9.42375,9.245,9.334375,10764864
2017-07-11,ANET,9.348125,9.578693,9.348125,9.5725,8806960
2017-07-12,ANET,9.6875,9.75375,9.641875,9.71125,9802928
2017-07-13,ANET,9.741875,9.79,9.603125,9.673125,6004336
2017-07-14,ANET,9.68875,9.730625,9.6325,9.694375,4815792
2017-07-17,ANET,9.706875,9.73,9.55,9.70125,5956752
2017-07-18,ANET,9.678125,9.757894,9.625625,9.749375,6711072
2017-07-19,ANET,9.8,9.9375,9.795625,9.851875,7064080
2017-07-20,ANET,9.894375,9.913125,9.704375,9.8,5990560
2017-07-21,ANET,9.4375,9.625,9.3125,9.5575,18900672
2017-07-24,ANET,9.53125,9.76125,9.50125,9.70125,8298048
2017-07-25,ANET,9.69125,9.879375,9.611875,9.875,6483712
2017-07-26,ANET,9.896875,9.9375,9.8125,9.825,9209152
2017-07-27,ANET,9.880625,9.924375,9.37875,9.5025,11920256
2017-07-28,ANET,9.440625,9.598125,9.338125,9.4,15870496
2017-07-31,ANET,9.45,9.48525,9.280625,9.330625,16158672
2017-08-01,ANET,9.401875,9.401875,9.208737,9.2375,11478912
2017-08-02,ANET,9.31,9.310625,8.91625,8.96625,18600256
2017-08-03,ANET,8.98875,9.064688,8.86125,9.003125,30819952
2017-08-04,ANET,10.475,10.9625,10.40625,10.753125,79963020
2017-08-07,ANET,10.628125,11.03125,10.595,10.859375,26414992
2017-08-08,ANET,10.855625,10.931244,10.620625,10.62125,18751040
2017-08-09,ANET,10.561875,10.6175,10.444375,10.46625,17915904
2017-08-10,ANET,10.438125,10.439375,10.05875,10.29375,23867600
2017-08-11,ANET,10.283125,10.550625,10.213125,10.355625,10030272
2017-08-14,ANET,10.505,10.668125,10.471375,10.6125,10241728
2017-08-15,ANET,10.6875,10.749375,10.58125,10.661875,9097408
2017-08-16,ANET,10.6625,10.93,10.637725,10.854375,13623584
2017-08-17,ANET,10.84375,10.90875,10.63875,10.69125,12596256
2017-08-18,ANET,10.6875,10.881812,10.62125,10.750625,10430256
2017-08-21,ANET,10.75,10.868125,10.615625,10.750625,10636192
2017-08-22,ANET,10.754375,10.999363,10.744687,10.953125,13446208
2017-08-23,ANET,10.9025,10.944375,10.77125,10.844375,14268160
2017-08-24,ANET,10.895,11.02375,10.847181,10.944375,10130368
2017-08-25,ANET,10.9775,11.055,10.849375,10.858125,6694304
2017-08-28,ANET,10.889375,10.985,10.709375,10.881875,8385248
2017-08-29,ANET,10.776875,10.91625,10.721875,10.83,6721504
2017-08-30,ANET,10.89125,11.146875,10.89125,11.121875,9200736
2017-08-31,ANET,11.168125,11.231875,10.959375,11.009375,12486560
2017-09-01,ANET,11.048125,11.101875,10.943125,11.093125,6986480
2017-09-05,ANET,11.04625,11.0975,10.85375,10.951875,12951952
2017-09-06,ANET,10.971875,11.028125,10.600625,10.795625,13372288
2017-09-07,ANET,10.8125,10.878125,10.73625,10.853125,7711312
2017-09-08,ANET,10.833125,10.903125,10.75375,10.7925,5089472
2017-09-11,ANET,10.870625,11.005938,10.829375,10.956875,6268256
2017-09-12,ANET,10.9775,11.050213,10.80125,10.86375,6771344
2017-09-13,ANET,10.8425,10.945625,10.75875,10.930625,10496640
2017-09-14,ANET,10.871875,11.02375,10.85875,10.93375,9729136
2017-09-15,ANET,10.945625,11.118125,10.854375,11.06,22087632
2017-09-18,ANET,11.1875,11.588125,11.180625,11.4175,18157408
2017-09-19,ANET,11.495625,11.499375,11.315625,11.3575,12335360
2017-09-20,ANET,11.64,11.795,11.504375,11.780625,15580144
2017-09-21,ANET,11.760625,11.803125,11.53,11.701875,9692928
2017-09-22,ANET,11.7,12.005,11.689375,11.940625,14511760
2017-09-25,ANET,12,12.0775,11.285625,11.301875,20416944
2017-09-26,ANET,11.428125,11.68625,11.250625,11.41625,10412464
2017-09-27,ANET,11.5475,11.935,11.5475,11.659375,9702608
2017-09-28,ANET,11.625625,11.764375,11.475625,11.721875,9366384
2017-09-29,ANET,11.765625,11.86875,11.7375,11.850625,7139200
2017-10-02,ANET,11.875,11.990625,11.789375,11.901875,7449376
2017-10-03,ANET,11.9325,11.9921875,11.775625,11.83875,5038848
2017-10-04,ANET,11.83875,11.939375,11.7225,11.9175,6249616
2017-10-05,ANET,11.94625,11.9975,11.80625,11.8975,5767200
2017-10-06,ANET,11.881875,12.0875,11.8625,12.058125,11555616
2017-10-09,ANET,12.095,12.266875,12.0425,12.085625,7835552
2017-10-10,ANET,12.1725,12.20875,11.943125,12.05125,6647472
2017-10-11,ANET,12.019375,12.094687,11.975625,12.059375,5374800
2017-10-12,ANET,12,12.069375,11.903125,11.950625,8156816
2017-10-13,ANET,12.055,12.055,11.875,11.94625,9929568
2017-10-16,ANET,12.00875,12.03125,11.776875,11.799375,8350784
2017-10-17,ANET,11.80375,11.9349375,11.80375,11.913125,5681648
2017-10-18,ANET,11.93375,11.950625,11.785,11.87125,4619536
2017-10-19,ANET,11.77625,11.883125,11.578125,11.883125,8387440
2017-10-20,ANET,11.940625,12.059375,11.940625,11.98,5193328
2017-10-23,ANET,12,12.14,11.949843,11.973125,7438064
2017-10-24,ANET,12.040625,12.1075,11.898125,12.06875,5493760
2017-10-25,ANET,12.00125,12.08375,11.799375,11.850625,7325984
2017-10-26,ANET,11.93375,12.11875,11.921562,11.989375,6878400
2017-10-27,ANET,12.118125,12.292188,12.056875,12.228125,8900464
2017-10-30,ANET,12.265625,12.55125,12.215,12.26,13377808
2017-10-31,ANET,12.333125,12.621875,12.30625,12.493125,13093792
2017-11-01,ANET,12.588125,12.588125,12.198125,12.32875,15899488
2017-11-02,ANET,12.34375,12.34375,11.12,11.323125,44133376
2017-11-03,ANET,12.614688,12.634375,12.046875,12.593125,51281296
2017-11-06,ANET,12.686875,12.959375,12.530625,12.9175,18337152
2017-11-07,ANET,12.9125,13.436875,12.9125,13.0975,23012192
2017-11-08,ANET,13.286875,13.5,13.18875,13.386875,19436320
2017-11-09,ANET,13.334375,13.62,13.2,13.346875,16169360
2017-11-10,ANET,13.35,13.854375,13.33125,13.815625,18562480
2017-11-13,ANET,13.858125,14.195562,13.858125,14.071875,15413312
2017-11-14,ANET,14.06875,14.30375,14.025,14.19375,10115552
2017-11-15,ANET,14.125,14.25,13.8225,14.05625,9863440
2017-11-16,ANET,14.18,14.583438,14.14625,14.485625,13598976
2017-11-17,ANET,14.52875,14.664375,14.341756,14.61375,9300096
2017-11-20,ANET,14.6875,15.121875,14.681875,15.114375,11536384
2017-11-21,ANET,15.14375,15.353125,15.048481,15.089375,15275088
2017-11-22,ANET,15.090625,15.209687,14.885,14.938125,9876608
2017-11-24,ANET,15.0675,15.214313,15.03625,15.12875,4769808
2017-11-27,ANET,15.10625,15.224375,14.903125,14.915,8680944
2017-11-28,ANET,14.9375,15.229375,14.8875,15.221875,8638096
2017-11-29,ANET,15.30125,15.30625,14.158125,14.638125,19377456
2017-11-30,ANET,14.845,14.877063,14.449375,14.57,13414208
2017-12-01,ANET,14.53125,14.57625,13.901875,14.290625,18217152
2017-12-04,ANET,14.516875,14.610937,13.03875,13.0925,41386544
2017-12-05,ANET,13.025,13.665,12.92875,13.190625,20353072
2017-12-06,ANET,13.071875,13.3725,12.960625,13.30375,10107520
2017-12-07,ANET,13.38125,13.828125,13.38125,13.74125,14428416
2017-12-08,ANET,13.96,14.310312,13.87875,13.924375,12407360
2017-12-11,ANET,13.9375,14.061875,13.710625,13.980625,9228768
2017-12-12,ANET,13.886875,13.95625,13.569375,13.640625,11300832
2017-12-13,ANET,13.6525,14.14,13.651875,14.070625,12658416
2017-12-14,ANET,14.17375,14.32375,14.078125,14.17,12523968
2017-12-15,ANET,14.26875,14.509375,14.20625,14.439375,17027024
2017-12-18,ANET,14.6875,14.729056,14.4625,14.711875,10587216
2017-12-19,ANET,14.703125,14.89625,14.6875,14.75,13286640
2017-12-20,ANET,14.84375,14.897306,14.468125,14.634375,9220800
2017-12-21,ANET,14.711875,14.9,14.6945,14.7475,9728400
2017-12-22,ANET,14.80375,14.80375,14.585625,14.784375,10435280
2017-12-26,ANET,14.76375,14.79375,14.5625,14.72875,6840928
2017-12-27,ANET,14.72875,15.030625,14.72875,14.96875,6248448
2017-12-28,ANET,14.99375,15.09375,14.949375,15.04,6662992
2017-12-29,ANET,15.040625,15.08125,14.714381,14.72375,6650864
2018-01-02,ANET,14.72375,14.914375,14.1725,14.439375,13956304
2018-01-03,ANET,14.5,14.734375,14.4725,14.725,8940160
2018-01-04,ANET,14.765625,14.864375,14.463125,14.543125,13391536
2018-01-05,ANET,14.653125,14.90375,14.65125,14.798125,8092368
2018-01-08,ANET,14.9525,15.746875,14.906875,15.69125,22315664
2018-01-09,ANET,15.69125,15.770625,15.40625,15.62375,11308176
2018-01-10,ANET,15.63375,15.995313,15.5875,15.7675,10113792
2018-01-11,ANET,15.84125,16.363125,15.84125,16.299376,17351392
2018-01-12,ANET,16.316875,16.4275,16.06875,16.189375,13187360
2018-01-16,ANET,16.353125,16.4275,15.635312,15.798125,14477104
2018-01-17,ANET,15.994375,16.538124,15.968125,16.425625,14706896
2018-01-18,ANET,16.4675,16.7575,16.4375,16.574375,10279904
2018-01-19,ANET,16.741875,16.991875,16.69375,16.9275,10907312
2018-01-22,ANET,16.9375,17.240625,16.793125,17.23,11967392
2018-01-23,ANET,16.9325,17.263174,16.7625,17.07125,15075488
2018-01-24,ANET,17.175625,17.304375,16.829374,17.07125,11393552
2018-01-25,ANET,17.225,17.475,17.156876,17.2975,8437296
2018-01-26,ANET,17.46625,17.71875,17.30375,17.71875,7940416
2018-01-29,ANET,17.71875,17.7975,17.334812,17.374374,11757952
2018-01-30,ANET,17.0675,17.28625,15.750625,17.201876,21755808
2018-01-31,ANET,17.281876,17.312437,16.815,17.23875,14969520
2018-02-01,ANET,17.075,17.310606,17.069374,17.1875,13350048
2018-02-02,ANET,17.009375,17.465626,16.695,17.0925,12168880
2018-02-05,ANET,16.594376,17.493126,16.406876,16.585625,19465904
2018-02-06,ANET,15.833125,17.144375,15.650625,17.02375,16066736
2018-02-07,ANET,17.374374,18.066793,17.19,17.60125,18503776
2018-02-08,ANET,17.813126,17.820938,16.52375,16.5325,18446864
2018-02-09,ANET,16.848125,17.183819,16.128569,17.034374,18397248
2018-02-12,ANET,17.384375,17.948263,17.351313,17.78375,20326768
2018-02-13,ANET,17.8125,18.295368,17.755,18.28625,16272352
2018-02-14,ANET,18.1875,19.09,18.185,18.8825,23549728
2018-02-15,ANET,19.125,19.479376,18.45965,19.2475,46332430
2018-02-16,ANET,16.125,16.8125,15.470006,15.593125,142250740
2018-02-20,ANET,15.5,15.829994,15.381875,15.603125,36081744
2018-02-21,ANET,15.5625,15.66,14.73875,14.876875,47864656
2018-02-22,ANET,15,15.339375,14.9525,15.29125,25600448
2018-02-23,ANET,15.396875,15.593125,15.02125,15.37,20834896
2018-02-26,ANET,15.473125,16.25,15.423437,16.240625,27042384
2018-02-27,ANET,16.25,16.4975,15.984375,16.19625,22606304
2018-02-28,ANET,16.25,17.09875,16.25,16.85875,34256800
2018-03-01,ANET,16.915,17.025,16.144375,16.4875,25834064
2018-03-02,ANET,16.11625,16.996868,15.888125,16.96875,22642528
2018-03-05,ANET,16.875,17.87125,16.70625,17.61625,32868128
2018-03-06,ANET,17.6875,18.28125,17.6875,18.0375,29000976
2018-03-07,ANET,17.84375,18.345,17.8125,18.22375,19875040
2018-03-08,ANET,18.2825,18.553688,18,18.360624,17769152
2018-03-09,ANET,18.444374,18.625,18.363243,18.446875,14759632
2018-03-12,ANET,18.543125,18.831875,18.4475,18.5875,19319088
2018-03-13,ANET,18.6175,18.72,18.02,18.105,19187104
2018-03-14,ANET,18.125,18.7175,18.049376,18.65625,22254656
2018-03-15,ANET,18.625,18.670626,18.31375,18.49375,14329808
2018-03-16,ANET,18.524376,18.559063,18.24875,18.3575,12258560
2018-03-19,ANET,17.269375,17.71875,17.015625,17.336876,30291760
2018-03-20,ANET,17.47125,18.040625,17.431875,17.83875,18378912
2018-03-21,ANET,17.825,17.900625,17.573126,17.66875,9851696
2018-03-22,ANET,17.38125,17.61875,17.0625,17.10875,14956976
2018-03-23,ANET,17.131874,17.34875,16.381874,16.513124,19616192
2018-03-26,ANET,16.938126,17.06375,16.395063,16.93625,16685888
2018-03-27,ANET,17.05875,17.184376,15.784437,15.85625,22411376
2018-03-28,ANET,15.756875,15.824312,15.198125,15.32125,28564480
2018-03-29,ANET,15.500625,16.15625,15.279375,15.95625,20001328
2018-04-02,ANET,15.84125,16.1975,15.544937,15.844375,16965184
2018-04-03,ANET,16.03125,16.0875,15.6275,15.844375,15588080
2018-04-04,ANET,15.3925,16.230625,15.31875,16.185,13549680
2018-04-05,ANET,16.429375,16.965,16.31875,16.42125,18691872
2018-04-06,ANET,16.105625,16.374374,16.004375,16.17,13233040
2018-04-09,ANET,16.409374,16.63125,16.21875,16.21875,8824176
2018-04-10,ANET,16.579374,16.803125,16.46125,16.699375,12042448
2018-04-11,ANET,16.58,16.845638,16.58,16.66125,8057248
2018-04-12,ANET,16.75,17.00625,16.749374,16.805626,10118336
2018-04-13,ANET,16.12625,16.146187,15.0825,15.2625,44880160
2018-04-16,ANET,15.415625,15.4808,14.91875,14.965,24426160
2018-04-17,ANET,15.0625,16.1625,15.034375,16.05,32618544
2018-04-18,ANET,16.015,16.199375,15.601875,16.15625,11683104
2018-04-19,ANET,15.979375,16.09125,15.669375,16.023125,11677760
2018-04-20,ANET,16.08,16.4625,15.966875,16.290625,10532288
2018-04-23,ANET,16.37375,16.37375,15.750625,15.88625,11130400
2018-04-24,ANET,16.124374,16.5,15.5375,15.75375,15441328
2018-04-25,ANET,15.718125,16.01375,15.450469,15.81375,10344256
2018-04-26,ANET,15.973125,16.23625,15.94,16.219376,8946448
2018-04-27,ANET,16.41375,16.665625,16.249374,16.421875,11550256
2018-04-30,ANET,16.51125,16.7175,16.331875,16.534374,13353968
2018-05-01,ANET,16.534374,16.585,16.283125,16.579374,10868208
2018-05-02,ANET,16.7175,17.03375,16.588125,16.59125,14258000
2018-05-03,ANET,16.395624,16.921875,16.263756,16.740625,19004096
2018-05-04,ANET,15.24375,15.561875,14.7025,15.315625,54185730
2018-05-07,ANET,15.44375,15.92625,15.339375,15.7725,26189072
2018-05-08,ANET,15.698125,16.283125,15.695625,16.205626,18251248
2018-05-09,ANET,16.27625,16.31875,16.035,16.21375,13927808
2018-05-10,ANET,16.2375,16.386875,16.1875,16.29125,19576688
2018-05-11,ANET,16.25,16.3,16.000626,16.244375,9387488
2018-05-14,ANET,16.150625,16.28125,15.7925,15.845,16912400
2018-05-15,ANET,15.70875,15.84,15.515625,15.596875,11763904
2018-05-16,ANET,15.5775,15.675862,15.4125,15.570625,10066160
2018-05-17,ANET,15.5,15.570625,15.22625,15.466875,21410912
2018-05-18,ANET,15.5,15.63,15.458438,15.505625,7702544
2018-05-21,ANET,15.60875,15.9875,15.60875,15.890625,14951872
2018-05-22,ANET,15.81875,16.06875,15.59375,15.60125,12869760
2018-05-23,ANET,15.545,16.008438,15.5,15.99875,10799904
2018-05-24,ANET,15.98625,15.98625,15.628125,15.788125,8204224
2018-05-25,ANET,15.84,16.05625,15.787562,15.984375,8504192
2018-05-29,ANET,15.875,16.21875,15.8275,15.99125,17100544
2018-05-30,ANET,16.025,16.09375,15.715688,15.728125,14271424
2018-05-31,ANET,15.8425,16.008125,15.7,15.7225,14160288
2018-06-01,ANET,15.79125,16.436874,15.782506,16.32625,17055056
2018-06-04,ANET,16.40625,16.8125,16.336876,16.7675,15035152
2018-06-05,ANET,16.76875,17.286875,16.70375,17.171875,20846016
2018-06-06,ANET,17.21125,17.53625,17.210625,17.39125,20044192
2018-06-07,ANET,17.40625,17.453125,16.839375,16.93125,12387584
2018-06-08,ANET,16.9175,17.169374,16.78753,17.109375,8238976
2018-06-11,ANET,17.109375,17.292187,16.9075,16.98,16364752
2018-06-12,ANET,17.050625,17.279375,17.025625,17.165,8879680
2018-06-13,ANET,17.286875,17.63135,17.21125,17.57125,13566816
2018-06-14,ANET,17.550625,17.784374,17.469376,17.57,12191728
2018-06-15,ANET,17.464375,17.9375,17.365625,17.91375,21832576
2018-06-18,ANET,17.66,17.728125,17.126875,17.45125,16032912
2018-06-19,ANET,17.103125,17.370625,16.961876,17.1125,11964224
2018-06-20,ANET,17.28875,17.945,17.28875,17.73375,16438336
2018-06-21,ANET,17.774376,17.85937,17.4025,17.4575,7758800
2018-06-22,ANET,17.56125,17.56125,16.831875,17.040625,19139520
2018-06-25,ANET,16.791876,16.875,16.088125,16.2425,21561520
2018-06-26,ANET,16.258125,16.578438,16.19375,16.39875,11491008
2018-06-27,ANET,16.421875,16.53,15.8575,15.893125,14630240
2018-06-28,ANET,15.8125,16.285,15.803625,16.141874,8829856
2018-06-29,ANET,16.24375,16.294687,16.0475,16.093124,6605232
2018-07-02,ANET,15.93625,16.340626,15.818125,16.335,7055904
2018-07-03,ANET,16.3875,16.395624,15.965625,15.991875,6292768
2018-07-05,ANET,16.124374,16.167812,15.765625,16.119375,8270960
2018-07-06,ANET,16.181875,16.495625,16.12,16.399376,5034096
2018-07-09,ANET,16.866875,17.185625,16.600624,16.90375,12017488
2018-07-10,ANET,17,17,16.733126,16.784374,6047984
2018-07-11,ANET,16.5625,16.934938,16.473125,16.8325,6184544
2018-07-12,ANET,16.993126,17.44875,16.917187,17.3975,8333616
2018-07-13,ANET,17.39375,17.3975,16.3225,16.655624,22834576
2018-07-16,ANET,16.65625,17.171875,16.65625,16.9275,11335024
2018-07-17,ANET,16.918125,17.1725,16.68125,17.1175,4612144
2018-07-18,ANET,17.1175,17.240625,17.0675,17.168125,5089184
2018-07-19,ANET,17.335625,17.575,17.21145,17.265625,9384864
2018-07-20,ANET,17.3125,17.363125,16.784374,16.8025,9107376
2018-07-23,ANET,16.843124,16.929375,16.46875,16.774376,9188336
2018-07-24,ANET,16.899376,17.0125,16.43625,16.64375,9399520
2018-07-25,ANET,16.626875,17.24875,16.626875,17.144375,8352176
2018-07-26,ANET,17.03875,17.4575,16.82875,17.2675,8051904
2018-07-27,ANET,17.221874,17.305626,16.681126,16.955,11764512
2018-07-30,ANET,16.884375,16.923124,15.9425,16.11625,14637296
2018-07-31,ANET,16.11,16.429375,15.844381,15.983125,15845808
2018-08-01,ANET,16.03125,16.4675,16.000063,16.4125,10328272
2018-08-02,ANET,16.353125,17.18,16.282274,16.990625,22069088
2018-08-03,ANET,16.83875,16.83875,16.03375,16.09625,30882816
2018-08-06,ANET,16.15625,17.011875,16.15625,16.958124,19589232
2018-08-07,ANET,16.971874,17.109375,16.719376,16.800625,10961472
2018-08-08,ANET,16.864374,16.864374,16.44375,16.535,11625280
2018-08-09,ANET,16.505,17.0475,16.484375,16.83375,10994560
2018-08-10,ANET,16.77875,16.914375,16.673124,16.803125,7042320
2018-08-13,ANET,16.80375,17.084375,16.7175,16.83,7205600
2018-08-14,ANET,16.97875,17.140856,16.79375,16.96625,11210880
2018-08-15,ANET,16.855,17.0375,16.4075,16.59875,10059424
2018-08-16,ANET,16.801874,17.218437,16.717812,16.745625,11338336
2018-08-17,ANET,16.610624,16.904688,16.610624,16.815,7318224
2018-08-20,ANET,16.846874,17.15625,16.758438,17.1075,7981760
2018-08-21,ANET,17.03125,17.321875,16.95775,16.989374,9004288
2018-08-22,ANET,17.00625,17.434662,16.854063,17.335,9353744
2018-08-23,ANET,17.306875,17.71375,17.188126,17.663124,13035536
2018-08-24,ANET,18.49,19.585424,18.4325,19.28625,65318256
2018-08-27,ANET,19.28625,19.53125,18.7875,19.049376,178591800
2018-08-28,ANET,19.0625,19.17125,18.883438,19.0125,27183280
2018-08-29,ANET,18.959375,19.12875,18.808487,18.886875,20133184
2018-08-30,ANET,18.795,18.921331,18.403126,18.616875,16195840
2018-08-31,ANET,18.5,18.895624,18.465,18.68625,12933232
2018-09-04,ANET,18.05625,18.375,17.890625,18.11375,32415888
2018-09-05,ANET,18.02875,18.068125,16.94625,17.018126,28959472
2018-09-06,ANET,17.125,17.31,16.57625,16.735624,20846496
2018-09-07,ANET,16.736876,17.019375,16.5,16.690624,17785936
2018-09-10,ANET,16.79625,16.87375,16.556875,16.813126,18864496
2018-09-11,ANET,16.724375,16.953125,16.6025,16.700624,13390880
2018-09-12,ANET,16.67875,16.763124,16.361876,16.740625,13806160
2018-09-13,ANET,16.811874,17,16.7475,16.87875,13252816
2018-09-14,ANET,16.9375,17.105625,16.836256,16.953125,16103952
2018-09-17,ANET,16.991875,17.0175,16.535,16.5675,10811072
2018-09-18,ANET,16.58125,16.834375,16.58125,16.6975,11715696
2018-09-19,ANET,16.753124,16.96125,16.700031,16.8875,13599184
2018-09-20,ANET,17.04,17.128124,16.8875,17.065624,11925408
2018-09-21,ANET,17.125,17.1875,16.7775,16.830626,29049312
2018-09-24,ANET,16.7675,17.201876,16.56375,17.138124,11385824
2018-09-25,ANET,17.19875,17.25,17.03125,17.16,8301536
2018-09-26,ANET,17.06375,17.11875,16.460625,16.491875,19771552
2018-09-27,ANET,16.555626,16.775625,16.481256,16.583124,13326736
2018-09-28,ANET,16.58125,16.8125,16.544687,16.61625,7616208
2018-10-01,ANET,16.700624,16.80125,16.154375,16.2275,17946032
2018-10-02,ANET,16.13,16.24,15.9575,16.009375,11735648
2018-10-03,ANET,16.0625,16.41,15.98375,16.339375,9564800
2018-10-04,ANET,16.2975,16.338438,15.968125,16.10875,9716944
2018-10-05,ANET,16.034374,16.374374,15.448125,15.704375,16386480
2018-10-08,ANET,15.6525,15.725625,14.950875,15.200625,19055008
2018-10-09,ANET,15.1425,15.311875,14.720625,14.915625,18565952
2018-10-10,ANET,14.82375,14.874375,14.079062,14.111875,25828656
2018-10-11,ANET,13.621875,14.0125,13.38125,13.46625,35393456
2018-10-12,ANET,13.863125,14.105,13.622188,13.898125,23270480
2018-10-15,ANET,14.3975,14.548125,13.78125,13.801875,20818448
2018-10-16,ANET,13.965625,14.6484375,13.965625,14.59875,19937904
2018-10-17,ANET,15.249375,15.4675,14.610625,14.934375,18924336
2018-10-18,ANET,14.800625,14.87375,14.385,14.568125,12774272
2018-10-19,ANET,14.6775,14.763125,14.20625,14.36,14619408
2018-10-22,ANET,14.46,14.648125,14.205625,14.51125,13025472
2018-10-23,ANET,14.173125,14.6875,13.853125,14.551875,15311440
2018-10-24,ANET,14.471875,14.813125,13.974375,13.98875,15938224
2018-10-25,ANET,14.17,14.546875,14.045,14.418125,12914144
2018-10-26,ANET,14.0625,14.11125,13.564375,13.720625,20343472
2018-10-29,ANET,14.006875,14.134375,13.319375,13.61625,15252064
2018-10-30,ANET,13.633125,14.289375,13.475,14.27875,14645936
2018-10-31,ANET,14.59375,14.9175,14.39375,14.396875,18439584
2018-11-01,ANET,14.548125,15.145,14.445006,15.06,21539968
2018-11-02,ANET,16.306875,16.842918,15.34,16.110624,49446064
2018-11-05,ANET,16.041876,16.0925,15.50625,15.56,15259632
2018-11-06,ANET,15.5,15.768437,15.09,15.319375,14412608
2018-11-07,ANET,15.43625,15.8988,15.39125,15.846875,12201632
2018-11-08,ANET,15.755,15.956875,15.5437565,15.7625,8378800
2018-11-09,ANET,15.683125,15.699375,15.0625,15.276875,12455520
2018-11-12,ANET,15.211875,15.3125,14.66625,14.78875,13357840
2018-11-13,ANET,14.88,15.052813,14.523125,14.7725,11619200
2018-11-14,ANET,14.91,15,14.311812,14.343125,14109392
2018-11-15,ANET,14.355625,15.308125,14.354688,15.2625,20538880
2018-11-16,ANET,15.115625,15.1875,14.871875,14.960625,11458112
2018-11-19,ANET,14.944375,14.94875,13.844375,13.9375,14345120
2018-11-20,ANET,13.3125,13.977187,13.159532,13.71125,15977632
2018-11-21,ANET,13.9175,14.290625,13.644062,13.68875,11225216
2018-11-23,ANET,13.5625,13.929063,13.498125,13.7025,3762480
2018-11-26,ANET,13.95625,14.1875,13.71125,14.148125,8059568
2018-11-27,ANET,14.058125,14.165625,13.951563,14.04625,6797280
2018-11-28,ANET,14.28,14.75,14.198125,14.7125,10998592
2018-11-29,ANET,14.686875,14.88125,14.438125,14.769375,9257824
2018-11-30,ANET,14.775625,14.950313,14.595,14.905,12087712
2018-12-03,ANET,15.46875,15.56125,15.134375,15.243125,14281376
2018-12-04,ANET,15.12625,15.267187,14.35125,14.358125,12905216
2018-12-06,ANET,14.28875,14.915625,14.0625,14.901875,20975120
2018-12-07,ANET,14.88625,15.061875,13.981875,14.068125,13284224
2018-12-10,ANET,14.036875,14.498438,13.943925,14.360625,11223520
2018-12-11,ANET,14.46875,14.743125,14.23375,14.32,11215728
2018-12-12,ANET,14.635,14.77125,14.469375,14.499375,8469312
2018-12-13,ANET,14.59375,14.700625,14.244375,14.294375,7194656
2018-12-14,ANET,14.05125,14.128231,13.731707,13.775625,10070336
2018-12-17,ANET,13.6875,13.75,13.0225,13.135625,20776560
2018-12-18,ANET,13.186875,13.360625,12.98875,13.255625,17599984
2018-12-19,ANET,13.316875,13.519375,12.525,12.628125,15467824
2018-12-20,ANET,12.565,12.724375,12.016875,12.325625,20411104
2018-12-21,ANET,12.38125,12.678125,11.985,12.073125,23038800
2018-12-24,ANET,11.77125,12.135938,11.6925,11.80625,7148864
2018-12-26,ANET,11.89375,12.56,11.8625,12.5325,11830496
2018-12-27,ANET,12.375,12.8075,12.235625,12.801875,12407456
2018-12-28,ANET,12.950625,13.110662,12.675,12.86,12035216
2018-12-31,ANET,12.98625,13.16875,12.87375,13.16875,11876816
2019-01-02,ANET,12.8125,13.33875,12.646875,13.159375,10433184
2019-01-03,ANET,12.836875,12.998125,12.450313,12.475,12809600
2019-01-04,ANET,12.768125,12.8025,12.5425,12.654375,18962208
2019-01-07,ANET,13.071875,13.34,12.85125,13.12,21133072
2019-01-08,ANET,13.354375,13.445,13.14875,13.3925,12222480
2019-01-09,ANET,13.450625,13.684375,13.376875,13.559375,9151200
2019-01-10,ANET,13.4575,13.695888,13.38125,13.6225,6532976
2019-01-11,ANET,13.4975,13.68375,13.375625,13.63125,6496752
2019-01-14,ANET,13.505625,13.61875,13.405625,13.47375,6755744
2019-01-15,ANET,13.5275,13.96875,13.5275,13.928125,11307760
2019-01-16,ANET,13.93,14.203125,13.808125,13.8275,8432352
2019-01-17,ANET,13.736875,13.884375,13.7275,13.814375,10988240
2019-01-18,ANET,14.324375,14.5725,14.0625,14.505,23455920
2019-01-22,ANET,14.375,14.39,13.854375,13.936875,13181792
2019-01-23,ANET,14.06125,14.2017,13.750625,13.893125,7199680
2019-01-24,ANET,13.908125,14.18125,13.908125,14.153125,6516000
2019-01-25,ANET,14.24875,14.3,14.125625,14.20375,11951056
2019-01-28,ANET,13.96875,13.969375,13.20875,13.4575,18584832
2019-01-29,ANET,13.446875,13.500625,12.8375,12.90125,16270112
2019-01-30,ANET,13.0625,13.170625,12.80845,13.14,13347776
2019-01-31,ANET,13.15625,13.504375,13.140625,13.42375,9827936
2019-02-01,ANET,13.458125,13.925625,13.454375,13.78125,13653056
2019-02-04,ANET,13.755,13.869794,13.5725,13.651875,8028032
2019-02-05,ANET,13.680625,14.125,13.680625,14.001875,10568624
2019-02-06,ANET,14.02875,14.1875,13.923125,14.041875,8480416
2019-02-07,ANET,13.9275,14,13.65,13.7675,6407264
2019-02-08,ANET,13.6525,14.149375,13.6525,14.14625,11323680
2019-02-11,ANET,14.233125,14.425,14.2025,14.32375,11636720
2019-02-12,ANET,14.4575,14.9625,14.414375,14.903125,21618224
2019-02-13,ANET,15,15.03125,14.610312,14.775,15635424
2019-02-14,ANET,14.798125,15.14625,14.7533,15.04875,25381232
2019-02-15,ANET,16.234375,16.7883,15.925,16.496876,65441856
2019-02-19,ANET,16.536875,17.045,16.48,16.84875,30577712
2019-02-20,ANET,16.885626,17.175938,16.70125,16.92,18057376
2019-02-21,ANET,16.761875,16.991875,16.659124,16.90625,11035712
2019-02-22,ANET,16.9925,17.209375,16.92625,17.185625,11942880
2019-02-25,ANET,17.40625,17.688126,17.40625,17.45625,13988224
2019-02-26,ANET,17.390625,17.61625,17.390625,17.533125,10477280
2019-02-27,ANET,17.53125,17.8125,17.50625,17.749374,11049216
2019-02-28,ANET,17.749374,17.909374,17.622812,17.828125,10565904
2019-03-01,ANET,17.975,18.030624,17.739374,17.90875,13406912
2019-03-04,ANET,18,18.110624,17.466356,17.775,12603072
2019-03-05,ANET,17.79875,17.82625,17.2525,17.36125,17406288
2019-03-06,ANET,17.319374,17.4375,16.795626,17.19375,14341376
2019-03-07,ANET,17.22125,17.375,16.96375,17.264376,8813680
2019-03-08,ANET,16.845,17.208124,16.664375,17.159374,8890512
2019-03-11,ANET,17.201876,17.720625,17.201876,17.6125,9101456
2019-03-12,ANET,17.69,17.955,17.57625,17.818125,11440400
2019-03-13,ANET,18.05375,18.5,17.94375,18.281876,18327888
2019-03-14,ANET,18.238125,18.372812,18.113863,18.288124,8155872
2019-03-15,ANET,18.425,18.724375,18.333124,18.5475,16424192
2019-03-18,ANET,18.5475,19.060625,18.426363,18.7,16673184
2019-03-19,ANET,18.780624,18.796875,18.4125,18.44875,14472224
2019-03-20,ANET,18.596874,18.75125,18.43375,18.653126,9474768
2019-03-21,ANET,19.038124,19.791876,18.9475,19.68875,26641872
2019-03-22,ANET,19.520624,19.68125,18.724375,18.76,18157504
2019-03-25,ANET,18.6325,18.9,18.44875,18.826876,9987600
2019-03-26,ANET,19.1,19.64235,19.0975,19.3625,15344432
2019-03-27,ANET,19.43625,19.63,19.095625,19.458124,12573120
2019-03-28,ANET,19.515,19.69875,19.370625,19.51875,10224656
2019-03-29,ANET,19.684376,19.764687,19.48125,19.65375,10720384
2019-04-01,ANET,19.92125,19.963125,19.668756,19.8975,12714048
2019-04-02,ANET,19.935,20.055,19.815624,19.901875,10329584
2019-04-03,ANET,20.173124,20.3125,19.978125,20.109375,12329376
2019-04-04,ANET,20.125,20.24875,19.404375,19.571875,15373280
2019-04-05,ANET,19.645,19.74625,19.435312,19.44125,14033552
2019-04-08,ANET,19.388124,19.816875,19.153955,19.80625,9420720
2019-04-09,ANET,19.7375,19.956875,19.640482,19.824375,7082336
2019-04-10,ANET,19.853125,20.188126,19.849688,20.140625,10198784
2019-04-11,ANET,20.25,20.25,19.95,20.139376,8812800
2019-04-12,ANET,20.3125,20.405937,20.195,20.298124,7438432
2019-04-15,ANET,20.306875,20.578125,20.268126,20.45875,8702832
2019-04-16,ANET,20.594376,20.658125,20.4225,20.53375,9566352
2019-04-17,ANET,20.6875,20.704374,20.3893,20.5025,8483200
2019-04-18,ANET,20.52875,20.58375,20.0075,20.21125,12317552
2019-04-22,ANET,20.1875,20.53125,20.139376,20.475,8248672
2019-04-23,ANET,20.170626,20.37555,19.7275,20.06625,17655472
2019-04-24,ANET,20.071875,20.516062,20.071875,20.326876,12546400
2019-04-25,ANET,20.223125,20.288124,19.65,19.881874,11262784
2019-04-26,ANET,19.818125,20.140625,19.764376,20.025,10072208
2019-04-29,ANET,20.089375,20.176874,19.784374,19.805,11383424
2019-04-30,ANET,19.72625,19.754063,19.184376,19.518126,20319008
2019-05-01,ANET,19.68,19.76375,19.400625,19.40375,13660896
2019-05-02,ANET,19.32875,19.729,19.2725,19.428125,22775216
2019-05-03,ANET,16.36875,17.4025,15.6875,17.400625,93257730
2019-05-06,ANET,16.75,17.0875,16.375,17.081875,37404704
2019-05-07,ANET,16.910625,16.946405,16.324188,16.604376,26312160
2019-05-08,ANET,16.605,16.859062,16.3625,16.640625,21316416
2019-05-09,ANET,16.458124,16.793125,16.21875,16.714375,17584864
2019-05-10,ANET,16.613125,16.7425,16.14,16.51375,18456432
2019-05-13,ANET,16.0275,16.13375,15.212044,15.24375,27543104
2019-05-14,ANET,15.47,15.795625,15.40625,15.555,23738464
2019-05-15,ANET,15.431875,15.628125,15.375,15.54375,14097808
2019-05-16,ANET,15.699375,15.953125,15.65,15.85125,12610464
2019-05-17,ANET,15.61375,15.871563,15.536875,15.6325,20955744
2019-05-20,ANET,15.46875,15.51625,15.165,15.309375,12724384
2019-05-21,ANET,15.3925,15.871875,15.3925,15.809375,18158832
2019-05-22,ANET,15.75,15.958644,15.7025,15.82125,13576960
2019-05-23,ANET,15.566875,15.955,15.509388,15.89875,18603088
2019-05-24,ANET,16.054375,16.217295,15.92375,15.99625,14001232
2019-05-28,ANET,16.0325,16.1975,15.806562,15.83375,9075888
2019-05-29,ANET,15.6725,15.731875,15.360625,15.46875,9968640
2019-05-30,ANET,15.61375,15.708125,15.416882,15.498125,6553792
2019-05-31,ANET,15.2575,15.430625,15.209375,15.286875,11075344
2019-06-03,ANET,15.23375,15.433125,15.0425,15.085,17025296
2019-06-04,ANET,15.315,15.92875,15.266656,15.919375,13363680
2019-06-05,ANET,16.111876,16.483126,15.931875,16.476875,23834592
2019-06-06,ANET,16.50625,16.619375,15.849375,16.07375,17743616
2019-06-07,ANET,15.66625,15.6875,14.78375,15.4025,33386608
2019-06-10,ANET,15.49,15.983125,15.49,15.629375,17915376
2019-06-11,ANET,15.75,15.879375,15.069688,15.1875,13517008
2019-06-12,ANET,15.1675,15.434438,15.153125,15.2425,10869104
2019-06-13,ANET,15.3575,15.3575,14.993125,15.125625,19938624
2019-06-14,ANET,15.03125,15.09375,14.51875,14.755,15138896
2019-06-17,ANET,14.805625,15.07375,14.805625,14.9125,14437024
2019-06-18,ANET,15.08125,15.453125,15.08125,15.12875,10977872
2019-06-19,ANET,15.25125,15.369375,15.12875,15.1975,10131120
2019-06-20,ANET,15.5,15.65625,15.251875,15.545625,11283552
2019-06-21,ANET,15.558125,15.913125,15.505,15.836875,23639664
2019-06-24,ANET,15.83,15.953125,15.68245,15.755625,13912096
2019-06-25,ANET,15.731875,15.74375,15.338125,15.39875,9195392
2019-06-26,ANET,15.67375,16.123125,15.5625,15.956875,22993856
2019-06-27,ANET,16.049376,16.41125,16.04,16.124374,18398000
2019-06-28,ANET,16.1875,16.2775,15.93,16.22625,13021632
2019-07-01,ANET,16.591875,16.684706,16.334375,16.4275,10639552
2019-07-02,ANET,16.426874,16.621876,16.33625,16.58125,9122320
2019-07-03,ANET,16.6175,16.80875,16.540625,16.80375,13290656
2019-07-05,ANET,16.75625,16.945625,16.621876,16.92125,9145072
2019-07-08,ANET,16.84125,16.86,16.634375,16.75,9839584
2019-07-09,ANET,16.624374,16.94625,16.58125,16.909374,8408960
2019-07-10,ANET,17.010626,17.149225,16.849375,16.899376,7419360
2019-07-11,ANET,16.96,17.03375,16.773125,16.99375,8574272
2019-07-12,ANET,17,17.2575,17,17.14125,7307744
2019-07-15,ANET,17.269375,17.3875,17.155312,17.3525,10254928
2019-07-16,ANET,17.25,17.374374,17.039663,17.219376,10237696
2019-07-17,ANET,17.22625,17.539062,17.193913,17.339375,9553104
2019-07-18,ANET,17.33,17.405937,17.088125,17.218124,12139696
2019-07-19,ANET,17.6325,17.975624,17.40875,17.67125,16535776
2019-07-22,ANET,17.73875,18.090626,17.67125,17.96,10756992
2019-07-23,ANET,18.028126,18.049994,17.119375,17.271875,20486816
2019-07-24,ANET,17.314375,17.490625,17.279375,17.449375,12095648
2019-07-25,ANET,17.415625,17.436874,16.41875,16.713125,20220592
2019-07-26,ANET,16.79875,17.11375,16.65875,17.06125,10840320
2019-07-29,ANET,17.03125,17.041876,16.642607,17.014376,10744000
2019-07-30,ANET,17.015,17.241875,16.8475,17.1425,10285888
2019-07-31,ANET,17.14375,17.4525,16.946562,17.090626,10998608
2019-08-01,ANET,17.07625,17.404375,16.773125,17.01375,18861376
2019-08-02,ANET,15.921875,15.9375,15.014375,15.2575,47861824
2019-08-05,ANET,14.811875,14.875,14.315625,14.434375,24062176
2019-08-06,ANET,14.719375,14.80625,14.3875,14.73875,15176960
2019-08-07,ANET,14.435625,14.7075,14.38625,14.6875,12240400
2019-08-08,ANET,14.85875,15.0475,14.63375,14.655625,15188912
2019-08-09,ANET,14.546875,14.546875,14.136875,14.295625,19615104
2019-08-12,ANET,14.189375,14.2111435,13.937531,14.029375,11480000
2019-08-13,ANET,14.03,14.624375,13.9375,14.42625,12947648
2019-08-14,ANET,14.129375,14.185625,13.646875,13.714375,18226912
2019-08-15,ANET,13.695625,13.75,13.378125,13.543125,17867200
2019-08-16,ANET,13.6875,13.910625,13.68375,13.82375,12310000
2019-08-19,ANET,14.125,14.18125,13.9325,13.966875,10606720
2019-08-20,ANET,13.894375,13.95625,13.6875,13.699375,8830544
2019-08-21,ANET,13.895625,14.1875,13.813125,14.15875,11803408
2019-08-22,ANET,14.24125,14.3125,14.116875,14.205,10519456
2019-08-23,ANET,14.14125,14.336488,13.91,13.9625,12504720
2019-08-26,ANET,14.12375,14.17625,13.795625,13.95,6868912
2019-08-27,ANET,14.023125,14.059375,13.795,13.98625,8337520
2019-08-28,ANET,13.846875,14.015625,13.713125,13.905,7974752
2019-08-29,ANET,14.11,14.368125,14.033125,14.213125,7429296
2019-08-30,ANET,14.1875,14.2575,13.986375,14.16375,8729536
2019-09-03,ANET,14.11875,14.28125,13.881713,14.018125,7251376
2019-09-04,ANET,14.105625,14.24625,14.069375,14.139375,9507536
2019-09-05,ANET,14.338125,14.77625,14.307675,14.71125,11809232
2019-09-06,ANET,14.75,14.829025,14.625625,14.73125,8938624
2019-09-09,ANET,14.835,14.906713,14.239375,14.445625,11527824
2019-09-10,ANET,14.361875,14.875,14.21625,14.87125,11260176
2019-09-11,ANET,14.9375,15.44125,14.875,15.425625,14343232
2019-09-12,ANET,15.475,15.711875,15.47,15.62125,16024528
2019-09-13,ANET,15.578125,15.625,15.205,15.235,9711648
2019-09-16,ANET,15.099375,15.380806,15.05125,15.261875,5441984
2019-09-17,ANET,15.1725,15.37375,15.125625,15.278125,9936400
2019-09-18,ANET,15.36875,15.463125,15.22125,15.4125,11402864
2019-09-19,ANET,15.42,15.740937,15.215619,15.258125,9766992
2019-09-20,ANET,15.3425,15.365625,14.965625,15.00375,12468048
2019-09-23,ANET,15.005,15.196875,14.90875,15.046875,9610208
2019-09-24,ANET,15.2025,15.205,14.732425,14.8775,9715296
2019-09-25,ANET,14.8325,15.143125,14.564375,15.0975,7110496
2019-09-26,ANET,15.02125,15.295,14.864375,15.250625,6059024
2019-09-27,ANET,15.3125,15.4825,15.045625,15.17375,6709200
2019-09-30,ANET,15.17375,15.19,14.89875,14.9325,11920752
2019-10-01,ANET,15.016875,15.093125,14.34375,14.396875,11656976
2019-10-02,ANET,14.2175,14.293125,13.897187,14.270625,9429824
2019-10-03,ANET,13.8075,14.02125,13.45375,14.02125,14834384
2019-10-04,ANET,14.024375,14.306875,14.01125,14.285625,5290784
2019-10-07,ANET,14.378125,14.534375,14.341875,14.43375,5832384
2019-10-08,ANET,14.38,14.463125,14.069206,14.31875,7177568
2019-10-09,ANET,14.438125,14.495,14.219375,14.376875,7425280
2019-10-10,ANET,14.285,14.304375,14.09375,14.2325,11098224
2019-10-11,ANET,14.545,14.92125,14.422262,14.7775,8962464
2019-10-14,ANET,14.773125,14.809,14.581875,14.673125,5142256
2019-10-15,ANET,14.744375,15.22375,14.71375,15.060625,7913872
2019-10-16,ANET,14.923125,14.999375,14.724375,14.9425,7141024
2019-10-17,ANET,15.013125,15.110625,14.882506,15.094375,6316448
2019-10-18,ANET,14.97625,15.070207,14.81875,14.964375,5766800
2019-10-21,ANET,15.141875,15.385625,15.076875,15.24,7430112
2019-10-22,ANET,15.3475,15.3825,14.99625,15.09375,7558752
2019-10-23,ANET,15.11625,15.423887,15,15.413125,5986608
2019-10-24,ANET,15.375625,15.400013,14.668438,14.9575,13024736
2019-10-25,ANET,15.1625,15.32875,15.000625,15.2725,11368224
2019-10-28,ANET,15.40625,15.73375,15.369713,15.55625,10781568
2019-10-29,ANET,15.5,15.595625,15.339375,15.3725,5752000
2019-10-30,ANET,15.375,15.49375,15.194375,15.391875,7895200
2019-10-31,ANET,15.4875,15.4875,15.147637,15.285625,30744976
2019-11-01,ANET,10.85375,11.83375,10.831875,11.58125,167853920
2019-11-04,ANET,11.725625,12.035425,11.6875,11.954375,41811810
2019-11-05,ANET,12.01,12.030625,11.515625,11.79875,30312144
2019-11-06,ANET,11.86875,12.04875,11.775,11.901875,21539040
2019-11-07,ANET,12,12.311875,11.99125,12.1525,21508416
2019-11-08,ANET,12.17875,12.183125,12.000181,12.038125,13104752
2019-11-11,ANET,11.966875,12.055625,11.826563,11.948125,11028528
2019-11-12,ANET,11.91625,12.155,11.91625,12.123125,14803248
2019-11-13,ANET,12.11875,12.240725,11.890625,11.915625,10001072
2019-11-14,ANET,11.849375,11.945625,11.737506,11.91,18299008
2019-11-15,ANET,12.03,12.119375,11.888125,12.03875,13935088
2019-11-18,ANET,12.005625,12.218125,11.97,12.06375,13579216
2019-11-19,ANET,12.218125,12.2714815,12.08,12.125,9357840
2019-11-20,ANET,12.125,12.244981,12.031262,12.1275,12164800
2019-11-21,ANET,12.1275,12.149375,11.98125,12,13732608
2019-11-22,ANET,12.07875,12.17125,12.01125,12.155625,15050256
2019-11-25,ANET,12.1875,12.41,12.186875,12.369375,9365680
2019-11-26,ANET,12.375,12.45,12.18125,12.266875,11351344
2019-11-27,ANET,12.280625,12.303125,12.1457815,12.225,8969392
2019-11-29,ANET,12.2025,12.26375,12.145625,12.195625,4235296
2019-12-02,ANET,12.211875,12.211875,11.930625,12.070625,10199856
2019-12-03,ANET,11.875,12.01125,11.760625,11.999375,10062592
2019-12-04,ANET,12.066875,12.19,11.960806,12.10625,8401280
2019-12-05,ANET,12.071875,12.113125,11.923125,11.978125,9949392
2019-12-06,ANET,12.02625,12.072812,11.866875,11.888125,10063952
2019-12-09,ANET,11.89125,11.925938,11.7725,11.895,12184288
2019-12-10,ANET,11.94125,12.17875,11.851875,12.00875,12355680
2019-12-11,ANET,12.00875,12.094375,11.875,11.951875,14046480
2019-12-12,ANET,11.975625,12.18125,11.896125,12.04375,14752368
2019-12-13,ANET,12.0625,12.186875,11.990937,12.0575,14198528
2019-12-16,ANET,12.135625,12.55375,12.125,12.415,18110048
2019-12-17,ANET,12.4125,12.49125,12.350625,12.4375,9509088
2019-12-18,ANET,12.4375,12.5145,12.421875,12.50125,11005664
2019-12-19,ANET,12.465625,12.845,12.39875,12.734375,15744896
2019-12-20,ANET,12.789375,12.9325,12.65875,12.884375,27388208
2019-12-23,ANET,12.90625,13.036875,12.753269,12.804375,14482832
2019-12-24,ANET,12.804375,12.804375,12.736169,12.79,4224288
2019-12-26,ANET,12.79,12.8625,12.763125,12.850625,6316352
2019-12-27,ANET,12.856875,12.87,12.746875,12.776875,8873760
2019-12-30,ANET,12.771875,12.793125,12.6025,12.695625,11328560
2019-12-31,ANET,12.6675,12.786219,12.63125,12.7125,8761552
2020-01-02,ANET,12.855,12.952194,12.69375,12.795,9995024
2020-01-03,ANET,12.5,12.739375,12.405,12.553125,12270592
2020-01-06,ANET,12.424375,12.698125,12.375,12.67875,8261728
2020-01-07,ANET,12.67875,12.839375,12.58125,12.803125,8533984
2020-01-08,ANET,12.803125,12.986875,12.789375,12.93625,10782800
2020-01-09,ANET,13.03125,13.05625,12.870625,12.925,7606080
2020-01-10,ANET,12.95,13.10375,12.88375,12.96625,7358848
2020-01-13,ANET,13.003125,13.21875,12.99375,13.196875,9716512
2020-01-14,ANET,13.244375,13.396875,13.194375,13.315625,10351360
2020-01-15,ANET,13.18875,13.511875,13.17,13.336875,9298928
2020-01-16,ANET,13.499375,13.713125,13.410625,13.703125,10232640
2020-01-17,ANET,13.75,13.92,13.698443,13.866875,15939792
2020-01-21,ANET,13.831875,14,13.70625,13.8275,9920944
2020-01-22,ANET,13.875,14.119375,13.854375,13.92,7237952
2020-01-23,ANET,14.00875,14.43625,13.8425,14.37875,13553584
2020-01-24,ANET,14.671875,15.118125,14.64625,14.878125,25741392
2020-01-27,ANET,14.38125,14.794375,14.213931,14.685625,19215296
2020-01-28,ANET,14.715,14.865,14.671875,14.795,9860480
2020-01-29,ANET,14.865,14.93875,14.6575,14.690625,7234096
2020-01-30,ANET,14.319375,14.601875,14.259375,14.48375,11063984
2020-01-31,ANET,14.40875,14.40875,13.9275,13.95875,16018672
2020-02-03,ANET,14.103125,14.21125,13.9775,14.079375,9030208
2020-02-04,ANET,14.284375,14.479375,14.245,14.4575,7896880
2020-02-05,ANET,14.6125,14.664375,14.347187,14.369375,10530176
2020-02-06,ANET,14.4225,14.58375,14.314375,14.5325,7439088
2020-02-07,ANET,14.41125,14.588125,14.405313,14.485625,7526384
2020-02-10,ANET,14.38125,14.659687,14.344375,14.525625,12967200
2020-02-11,ANET,14.613125,14.66375,14.39125,14.46875,11354592
2020-02-12,ANET,14.489375,14.69875,14.439375,14.65375,13380896
2020-02-13,ANET,14.53125,15.084375,14.525,14.85125,24499728
2020-02-14,ANET,13.59375,14.1875,13.562525,13.966875,33832770
2020-02-18,ANET,13.94875,14.14375,13.774375,14.111875,13776656
2020-02-19,ANET,14.123125,14.215,13.939375,14.06375,11504768
2020-02-20,ANET,14.025,14.2975,13.9775,14.2675,11952720
2020-02-21,ANET,13.968125,14.035625,13.766875,13.96625,15432128
2020-02-24,ANET,13.124375,13.5225,13.084375,13.359375,16489280
2020-02-25,ANET,13.52375,13.593125,12.656875,12.874375,20461584
2020-02-26,ANET,12.94375,13.070625,12.675625,12.69625,13160928
2020-02-27,ANET,12.440625,12.716875,12.065625,12.07375,17589152
2020-02-28,ANET,11.688125,12.256875,11.61125,12.07,19475808
2020-03-02,ANET,12.1675,12.32375,11.884375,12.286875,14663952
2020-03-03,ANET,12.280625,12.428125,11.78875,11.984375,11180016
2020-03-04,ANET,12.358125,12.61625,12.08,12.601875,11427728
2020-03-05,ANET,12.308125,12.6225,12.24375,12.285,8961488
2020-03-06,ANET,11.9725,12.206875,11.674375,11.92375,15445520
2020-03-09,ANET,11.086875,11.85125,11.086875,11.605625,18842672
2020-03-10,ANET,11.844375,12.527187,11.529375,12.4975,21758640
2020-03-11,ANET,12.1675,12.255625,11.322187,11.3875,23363872
2020-03-12,ANET,10.54125,10.886875,10.16125,10.180625,33081984
2020-03-13,ANET,10.716875,11.065625,9.839375,11.0475,17178080
2020-03-16,ANET,10.0725,10.701875,9.805625,9.815,16475792
2020-03-17,ANET,10.056875,10.76625,9.853344,10.5125,23914992
2020-03-18,ANET,9.858125,11.5825,9.858125,11.0625,31808496
2020-03-19,ANET,10.983125,11.8575,10.790625,11.1175,14928320
2020-03-20,ANET,11.283125,11.735437,10.219375,10.28,18301184
2020-03-23,ANET,10.246875,10.478125,9.789375,10.1175,15707296
2020-03-24,ANET,10.7325,11.845625,10.625,11.66,23580848
2020-03-25,ANET,11.71875,12.293006,11.564375,11.770625,24232912
2020-03-26,ANET,11.791875,12.66625,11.658438,12.535625,18999744
2020-03-27,ANET,12.07625,12.26,11.861563,11.955625,14644432
2020-03-30,ANET,11.938125,12.93375,11.8175,12.858125,16642384
2020-03-31,ANET,12.77375,13.038637,12.45125,12.659375,18129984
2020-04-01,ANET,12.161875,12.4725,11.811875,12.048125,13703424
2020-04-02,ANET,11.890625,12.383125,11.81625,12.13125,10616448
2020-04-03,ANET,12.105625,12.356875,12.01125,12.165,13510016
2020-04-06,ANET,12.51875,13.035625,12.42,12.975,15977776
2020-04-07,ANET,13.3125,13.465,12.960625,13.07125,13626352
2020-04-08,ANET,13.258125,13.491875,13.144375,13.411875,12708768
2020-04-09,ANET,13.20125,13.28125,12.896875,13.119375,22149712
2020-04-13,ANET,13.0625,13.1875,12.541875,12.63,14005184
2020-04-14,ANET,12.925625,13.164375,12.8125,12.956875,11702800
2020-04-15,ANET,12.765625,12.909375,12.595,12.761875,7636240
2020-04-16,ANET,12.8125,13.1725,12.6875,12.825625,12382992
2020-04-17,ANET,13.123125,13.23875,12.840625,13.12625,11431696
2020-04-20,ANET,13.074375,13.3775,13.00125,13.249375,9668480
2020-04-21,ANET,13.13,13.17,12.5,12.503125,11519744
2020-04-22,ANET,12.93,13.300625,12.814375,13.210625,9271584
2020-04-23,ANET,13.20375,13.35375,13.015625,13.076875,6239808
2020-04-24,ANET,13.20875,13.5575,13.1631565,13.550625,10069776
2020-04-27,ANET,13.6875,13.788125,13.484062,13.619375,10159888
2020-04-28,ANET,13.75,13.855625,13.571875,13.626875,10420416
2020-04-29,ANET,13.864375,14,13.781875,13.8775,17290928
2020-04-30,ANET,13.8,13.83375,13.568125,13.70625,11910960
2020-05-01,ANET,13.49125,13.501875,12.8575,12.9775,12189872
2020-05-04,ANET,12.925,13.1875,12.844375,13.1875,9798800
2020-05-05,ANET,13.353125,13.846875,13.281875,13.7775,20096624
2020-05-06,ANET,12.90625,13.265625,12.578125,13.000625,39847650
2020-05-07,ANET,13.26375,13.40875,13.1025,13.151875,17669728
2020-05-08,ANET,13.33,13.673125,13.245625,13.625625,17359168
2020-05-11,ANET,13.570625,14.0975,13.4575,14.03625,12926848
2020-05-12,ANET,14.256875,14.344375,13.793125,13.81875,14926416
2020-05-13,ANET,13.80125,13.99125,13.068125,13.3575,16662800
2020-05-14,ANET,13.115,13.2843685,12.6625,12.849375,12595472
2020-05-15,ANET,12.720625,13.18625,12.685312,13.153125,13161936
2020-05-18,ANET,13.454375,13.699375,13.375,13.47625,8745584
2020-05-19,ANET,13.4675,13.824375,13.415,13.735,7857984
2020-05-20,ANET,13.905,14.09875,13.87125,14.04375,11620528
2020-05-21,ANET,13.9375,14.163125,13.898125,13.9425,8905120
2020-05-22,ANET,14.05875,14.1125,13.646875,13.760625,7658128
2020-05-26,ANET,14,14.2109375,13.876875,13.896875,6704928
2020-05-27,ANET,13.955,14.215,13.673125,14.206875,7442720
2020-05-28,ANET,14.2125,14.331875,13.899375,13.9325,9806672
2020-05-29,ANET,13.980625,14.6525,13.90625,14.59125,15400976
2020-06-01,ANET,14.561875,14.75,14.39,14.665,8656736
2020-06-02,ANET,14.66875,14.66875,14.125,14.403125,14142672
2020-06-03,ANET,14.4,14.56,14.255213,14.454375,9864336
2020-06-04,ANET,14.3175,14.557813,14.149375,14.29125,7201696
2020-06-05,ANET,14.625,14.824375,14.55625,14.698125,8814864
2020-06-08,ANET,14.69125,14.8125,14.403125,14.486875,6903824
2020-06-09,ANET,14.45,14.655,14.346875,14.4625,6859392
2020-06-10,ANET,14.51625,14.685,14.35125,14.548125,5555824
2020-06-11,ANET,14.25,14.25,13.603125,13.675,14094288
2020-06-12,ANET,14.125625,14.2125,13.613125,13.92375,9857728
2020-06-15,ANET,13.624375,14.16875,13.49,14.115625,6930880
2020-06-16,ANET,14.63,14.705,14.246875,14.3475,8311392
2020-06-17,ANET,14.408125,14.462031,14.134063,14.15875,9164656
2020-06-18,ANET,13.94875,14.032437,13.500625,13.715625,18338544
2020-06-19,ANET,13.9375,13.955,13.360625,13.625625,19053280
2020-06-22,ANET,13.59875,13.73125,13.488125,13.554375,8632048
2020-06-23,ANET,13.7125,13.7125,13.27875,13.47625,13355440
2020-06-24,ANET,13.430625,13.5275,12.9475,13.078125,15252224
2020-06-25,ANET,13.02625,13.278125,12.883125,13.24875,8396464
2020-06-26,ANET,13.241875,13.296281,12.98125,13.164375,16289776
2020-06-29,ANET,13.20875,13.20875,12.795,12.931875,12253728
2020-06-30,ANET,12.96875,13.275625,12.95,13.126875,12758352
2020-07-01,ANET,13.161875,13.18625,12.955625,13.09,10510736
2020-07-02,ANET,13.215625,13.3125,13.046393,13.156875,7782336
2020-07-06,ANET,13.423125,13.51875,13.31875,13.403125,7283344
2020-07-07,ANET,13.24625,13.46125,13.14125,13.17375,6664272
2020-07-08,ANET,13.190625,13.438125,13.190625,13.38125,6195184
2020-07-09,ANET,13.46125,13.71375,13.325625,13.674375,7354736
2020-07-10,ANET,13.621875,13.621875,13.275,13.506875,6140352
2020-07-13,ANET,13.678125,13.7275,13.185,13.20625,7020592
2020-07-14,ANET,13.1875,13.503125,13.04125,13.483125,6913168
2020-07-15,ANET,13.675625,13.765625,13.37875,13.44625,7172800
2020-07-16,ANET,13.320625,13.455,13.081875,13.445,6727280
2020-07-17,ANET,13.53625,13.795625,13.499375,13.723125,6034160
2020-07-20,ANET,13.720625,14.149375,13.6875,14.09,7332192
2020-07-21,ANET,14.159375,14.35125,14.0387,14.299375,11636176
2020-07-22,ANET,14.293125,14.796875,14.2,14.614375,10327472
2020-07-23,ANET,14.56875,15.144875,14.546875,14.95625,13680016
2020-07-24,ANET,14.51875,14.911869,14.421875,14.800625,8102896
2020-07-27,ANET,14.889375,15.523125,14.880625,15.364375,12720768
2020-07-28,ANET,15.27875,15.30375,15.031875,15.0525,5565312
2020-07-29,ANET,15.13,15.473125,15.1075,15.4325,7222464
2020-07-30,ANET,15.206875,15.63125,15.13,15.586875,7523488
2020-07-31,ANET,15.836875,16.2375,15.625625,16.235624,14622304
2020-08-03,ANET,16.25,16.375,16.08,16.281876,12192912
2020-08-04,ANET,16.20625,16.70625,16.20625,16.499374,18191328
2020-08-05,ANET,15.5,15.500625,14.631875,14.695625,40177090
2020-08-06,ANET,14.863125,15.043306,14.593437,14.77375,13983184
2020-08-07,ANET,14.68875,14.720625,14.27625,14.425,17280288
2020-08-10,ANET,14.3975,14.453438,13.870625,13.904375,20121552
2020-08-11,ANET,14.04125,14.047812,13.701875,13.74875,17779152
2020-08-12,ANET,13.78,13.906957,13.489375,13.515,12638240
2020-08-13,ANET,13.33875,13.59875,13.253125,13.519375,20421712
2020-08-14,ANET,13.515,13.545625,13.29,13.291875,17588928
2020-08-17,ANET,13.373125,13.624375,13.30875,13.438125,9673520
2020-08-18,ANET,13.455,13.7275,13.345,13.71625,12691920
2020-08-19,ANET,13.75,13.96,13.728562,13.790625,11212608
2020-08-20,ANET,13.719375,13.963125,13.651875,13.83625,9331712
2020-08-21,ANET,13.73375,13.9375,13.661875,13.910625,8415392
2020-08-24,ANET,13.993125,14.133125,13.56875,13.676875,9414288
2020-08-25,ANET,13.63875,13.788125,13.60125,13.714375,6314512
2020-08-26,ANET,13.8125,13.883125,13.639188,13.878125,5949392
2020-08-27,ANET,13.9375,14.0175,13.766875,13.88625,11371920
2020-08-28,ANET,13.875625,14.085,13.758125,13.8775,8780112
2020-08-31,ANET,13.8425,14.013125,13.71125,13.965625,8724624
2020-09-01,ANET,14.00875,14.010625,13.785,14.00625,8448944
2020-09-02,ANET,14.025,14.350625,13.96,14.2825,7754112
2020-09-03,ANET,14.04125,14.06,13.28125,13.55125,15720448
2020-09-04,ANET,13.535625,13.61875,12.8925,13.19375,13049872
2020-09-08,ANET,12.868125,13.128125,12.833125,12.949375,14124528
2020-09-09,ANET,13.17,13.31875,13.0075,13.238125,11888000
2020-09-10,ANET,13.268125,13.45,12.871875,12.883125,11701664
2020-09-11,ANET,12.985,13.075625,12.651563,12.738125,11376960
2020-09-14,ANET,12.9275,13.025937,12.8125,12.845625,7627168
2020-09-15,ANET,12.81875,12.960625,12.73,12.89875,9428432
2020-09-16,ANET,12.945,13.056875,12.861875,12.863125,8683440
2020-09-17,ANET,12.68625,12.79,12.5925,12.65375,13600368
2020-09-18,ANET,12.6675,12.73125,12.340625,12.56125,26564976
2020-09-21,ANET,12.376875,12.400625,12.083125,12.19375,14360112
2020-09-22,ANET,12.250625,12.551875,12.06,12.495625,11086336
2020-09-23,ANET,12.65,12.705,12.3475,12.405,11712688
2020-09-24,ANET,12.299375,12.57875,12.27,12.40375,7002288
2020-09-25,ANET,12.4375,12.600625,12.32125,12.54,6898480
2020-09-28,ANET,12.6775,12.961562,12.581875,12.815625,12658720
2020-09-29,ANET,12.8175,13.25,12.809375,13.15375,10846528
2020-09-30,ANET,13.15375,13.221875,12.819688,12.933125,14269408
2020-10-01,ANET,13.03125,13.078125,12.8175,12.940625,10684416
2020-10-02,ANET,12.71875,13.199375,12.675625,12.74375,7893792
2020-10-05,ANET,12.859375,12.985,12.7625,12.875,7668256
2020-10-06,ANET,12.838125,13.1757,12.838125,12.925,8198576
2020-10-07,ANET,13.076875,13.340625,12.994062,13.249375,6260208
2020-10-08,ANET,13.8125,14.29625,13.7175,13.905625,18489104
2020-10-09,ANET,14.039375,14.25,13.90625,14.225625,8613936
2020-10-12,ANET,14.03125,14.314062,13.78625,14.265625,15317984
2020-10-13,ANET,14.21875,14.295938,14.059063,14.115,7492416
2020-10-14,ANET,14.25625,14.58,14.1375,14.251875,9708016
2020-10-15,ANET,13.96,14.139375,13.88375,14.139375,7448080
2020-10-16,ANET,14.1525,14.172812,13.921875,14.090625,6783296
2020-10-19,ANET,14.184375,14.190937,13.834375,13.851875,7203824
2020-10-20,ANET,13.9575,14.08,13.763125,13.87375,7673248
2020-10-21,ANET,13.636875,13.860669,13.319375,13.394375,14161536
2020-10-22,ANET,13.42625,13.551875,13.165,13.373125,8538912
2020-10-23,ANET,13.375,13.68,13.161875,13.381875,8295600
2020-10-26,ANET,13.26625,13.37375,12.788125,13.054375,10659280
2020-10-27,ANET,13.140625,13.29125,13.033125,13.159375,7692160
2020-10-28,ANET,12.911875,12.97375,12.689375,12.77375,12370976
2020-10-29,ANET,12.770625,12.856875,12.5825,12.6975,9749520
2020-10-30,ANET,13.125,13.293125,12.521875,13.05625,26581184
2020-11-02,ANET,13.125,13.675625,12.981775,13.5075,27214528
2020-11-03,ANET,15.195,16.188126,14.952812,15.593125,61275376
2020-11-04,ANET,15.53125,16.15375,15.500625,15.9025,17854640
2020-11-05,ANET,16.015,16.17875,15.814375,16.0625,15670352
2020-11-06,ANET,15.99,16.4725,15.911875,16.4375,14107088
2020-11-09,ANET,16.6125,16.906876,16.34125,16.355,14550320
2020-11-10,ANET,16.11875,16.30775,15.979375,16.0875,11833136
2020-11-11,ANET,16.1875,16.654375,16.109375,16.575624,8886240
2020-11-12,ANET,16.483126,16.8275,16.413437,16.693125,7874688
2020-11-13,ANET,16.945,17.145,16.696875,17.11625,9665888
2020-11-16,ANET,17.1875,17.261875,16.884375,17.07875,10344384
2020-11-17,ANET,17.00625,17.3775,16.984375,17.36125,10531824
2020-11-18,ANET,17.429375,17.521875,16.988125,17.001875,9443552
2020-11-19,ANET,16.9925,17.066875,16.81625,17.054375,6272400
2020-11-20,ANET,17.0625,17.13125,16.764376,16.78125,8280272
2020-11-23,ANET,16.685625,16.934376,16.563126,16.77875,7756400
2020-11-24,ANET,16.90375,17.074375,16.7775,17.019375,8424208
2020-11-25,ANET,17.075,17.17,16.875626,16.909374,5085520
2020-11-27,ANET,17.00625,17.107813,16.77375,17.035,4404736
2020-11-30,ANET,17.03,17.180626,16.71125,16.91875,11949536
2020-12-01,ANET,16.875,17.1075,16.780624,17.0625,7420624
2020-12-02,ANET,16.9375,17.053125,16.850624,16.97375,6620944
2020-12-03,ANET,16.906876,17.02875,16.813126,16.855625,6064768
2020-12-04,ANET,16.865,16.994375,16.7825,16.881874,6541104
2020-12-07,ANET,16.930626,17.233126,16.840626,17.225624,9904272
2020-12-08,ANET,17.371876,18.0625,17.348125,17.73125,18232256
2020-12-09,ANET,17.705626,17.78375,17.286875,17.349375,7055024
2020-12-10,ANET,17.266874,17.394375,17.12625,17.273125,7536720
2020-12-11,ANET,17.2675,17.5625,17.1975,17.33375,9767536
2020-12-14,ANET,17.35875,17.716875,17.13875,17.155,8208480
2020-12-15,ANET,17.326876,17.51875,17.294687,17.474375,9826960
2020-12-16,ANET,17.846874,18.34375,17.766874,17.85625,16217968
2020-12-17,ANET,17.861876,17.9625,17.625,17.835625,9184704
2020-12-18,ANET,17.974375,18.18625,17.793125,17.9825,20131168
2020-12-21,ANET,17.71,17.965,17.463125,17.95375,8063872
2020-12-22,ANET,17.944374,18.2575,17.935938,18.17625,10482112
2020-12-23,ANET,18.131874,18.275625,17.899376,17.905624,5376416
2020-12-24,ANET,18.043125,18.08625,17.873125,18.0525,1628544
2020-12-28,ANET,18.26375,18.36125,18.163124,18.18375,7308112
2020-12-29,ANET,18.236876,18.28125,17.91875,17.96875,4183680
2020-12-30,ANET,18.08125,18.29875,18.003124,18.06,5336144
2020-12-31,ANET,18.125,18.178125,17.97625,18.160625,4966096
2021-01-04,ANET,18.1725,18.225,17.526875,17.6975,13027728
2021-01-05,ANET,17.739374,17.995,17.739374,17.875626,8945008
2021-01-06,ANET,18.218124,18.265625,17.755625,17.866875,11671856
2021-01-07,ANET,18.309376,18.51125,18.127813,18.498125,14133584
2021-01-08,ANET,18.61,19.201244,18.583124,19.1325,17671104
2021-01-11,ANET,18.898125,19.01375,18.784374,18.935,8338448
2021-01-12,ANET,18.935,19.805626,18.9175,19.7675,14856000
2021-01-13,ANET,19.5725,19.634062,19.268438,19.351875,7125152
2021-01-14,ANET,19.500626,20.015938,19.425,19.56875,9076512
2021-01-15,ANET,19.59375,19.97125,19.351719,19.816875,11799280
2021-01-19,ANET,19.9275,19.9375,19.51625,19.8725,7624880
2021-01-20,ANET,20.02125,20.02125,19.575937,19.653126,6363952
2021-01-21,ANET,19.71,19.811874,19.303513,19.47875,6785520
2021-01-22,ANET,19.443125,19.530937,19.241875,19.450624,7575776
2021-01-25,ANET,19.735,19.75625,19.141813,19.230625,7947904
2021-01-26,ANET,19.310625,19.326876,19.075624,19.1875,9344448
2021-01-27,ANET,19.05875,19.3,18.801874,19.105625,20614288
2021-01-28,ANET,19.0525,19.4275,18.949375,19.335625,10208592
2021-01-29,ANET,19.29875,19.7125,19.13528,19.2225,11091056
2021-02-01,ANET,19.375,19.97125,19.37,19.7625,9643248
2021-02-02,ANET,19.875,20.023125,19.673124,19.776875,7219376
2021-02-03,ANET,19.828125,19.928125,19.60625,19.7975,6300048
2021-02-04,ANET,19.8125,20.00875,19.63875,19.99875,5996224
2021-02-05,ANET,20.0875,20.239687,19.95,20.119375,8251792
2021-02-08,ANET,20.205626,20.29203,19.911875,20.005625,5281392
2021-02-09,ANET,20.015,20.06922,19.87375,19.999374,5230416
2021-02-10,ANET,20.10625,20.10625,19.66,19.909374,8381056
2021-02-11,ANET,19.95375,19.9975,19.6425,19.878124,6391056
2021-02-12,ANET,19.903126,20.22,19.709375,20.206875,7267664
2021-02-16,ANET,20.3125,20.3875,19.880625,19.91625,6642576
2021-02-17,ANET,19.7225,19.779375,19.19,19.513124,7815472
2021-02-18,ANET,19.26125,19.473438,19.084375,19.303125,9918032
2021-02-19,ANET,20.3125,20.4125,19.106874,19.434376,22678928
2021-02-22,ANET,19.224375,19.246876,18.217812,18.26,22374176
2021-02-23,ANET,17.43125,18.0525,16.89125,17.9425,22548128
2021-02-24,ANET,17.73125,18.076876,17.5,17.8975,8483424
2021-02-25,ANET,17.928125,18.019375,17.4425,17.51625,9384976
2021-02-26,ANET,17.629375,17.794374,17.338125,17.49,10301440
2021-03-01,ANET,17.65625,18.06625,17.645,17.99625,8142368
2021-03-02,ANET,18.01375,18.018126,17.65875,17.76875,9986512
2021-03-03,ANET,17.80125,17.80125,17.33125,17.43375,8342128
2021-03-04,ANET,17.341875,17.479376,16.579374,16.95375,13666928
2021-03-05,ANET,16.994375,17.16,16.38,17.06625,12665072
2021-03-08,ANET,17.0425,17.319374,16.73375,16.739374,8013696
2021-03-09,ANET,16.923124,17.426868,16.91,17.251875,7324464
2021-03-10,ANET,17.476875,17.5,17,17.005625,8722032
2021-03-11,ANET,17.376875,17.475,17.1875,17.22375,7632352
2021-03-12,ANET,17.23875,17.54125,17.125626,17.475624,8347232
2021-03-15,ANET,17.555626,18.048124,17.555626,17.914375,7714496
2021-03-16,ANET,17.97625,18.0475,17.78625,17.939375,6838576
2021-03-17,ANET,17.7125,18.213125,17.593132,18.083124,9905200
2021-03-18,ANET,17.83,18.0625,17.72625,17.7375,8410000
2021-03-19,ANET,17.808125,18.0375,17.633125,17.82625,15069680
2021-03-22,ANET,17.820625,18.288124,17.75,18.140625,9322816
2021-03-23,ANET,18.14,18.245625,17.774376,17.875626,6460160
2021-03-24,ANET,17.906876,18.1075,17.775938,17.77875,6280640
2021-03-25,ANET,17.749374,18.25625,17.636875,18.25,9269392
2021-03-26,ANET,18.383125,19.4625,18.289062,19.454374,14278160
2021-03-29,ANET,19.409374,19.70625,19.029375,19.230625,8592768
2021-03-30,ANET,19.058125,19.059376,18.609375,18.67875,11839552
2021-03-31,ANET,18.771875,19.0725,18.575,18.868126,7931008
2021-04-01,ANET,19.00375,19.5,18.96375,19.2525,6314544
2021-04-05,ANET,19.45375,19.5875,19.253124,19.47625,6335424
2021-04-06,ANET,19.375626,19.40375,19.21,19.241875,6608864
2021-04-07,ANET,19.27125,19.33375,19.075624,19.23875,4363344
2021-04-08,ANET,19.43,19.473125,19.11625,19.453125,4280880
2021-04-09,ANET,19.506874,19.7275,19.425938,19.721874,4892336
2021-04-12,ANET,19.6875,19.77875,19.460312,19.625626,5129424
2021-04-13,ANET,19.79,20.061874,19.605625,19.645624,5782384
2021-04-14,ANET,19.618126,19.75875,19.465937,19.529375,3630304
2021-04-15,ANET,19.639376,19.685,19.405,19.6775,4560160
2021-04-16,ANET,19.74,19.86,19.639376,19.791876,3380784
2021-04-19,ANET,19.803125,19.878124,19.649063,19.675625,4058528
2021-04-20,ANET,19.560625,19.595,19.260626,19.345625,5317152
2021-04-21,ANET,19.46125,19.779375,19.350624,19.77625,3282624
2021-04-22,ANET,19.7325,19.770624,19.45,19.551874,6930432
2021-04-23,ANET,19.6875,19.97625,19.652187,19.915,4141136
2021-04-26,ANET,19.913124,20.171675,19.888105,20.066875,5403856
2021-04-27,ANET,20.141874,20.141874,19.83125,19.93875,4810976
2021-04-28,ANET,19.99875,20.054375,19.83125,20.0475,4212592
2021-04-29,ANET,20.003124,20.211876,19.79125,20.156876,6613680
2021-04-30,ANET,20.0175,20.07,19.6575,19.698126,8614000
2021-05-03,ANET,19.73875,19.905,19.4625,19.669374,5943232
2021-05-04,ANET,19.394375,19.4675,18.9125,19.09625,9346944
2021-05-05,ANET,19.775625,20.15375,19.325,19.79625,12262512
2021-05-06,ANET,19.75,20.47,19.75,20.45375,11184064
2021-05-07,ANET,20.593124,20.6875,20.346874,20.5325,7525440
2021-05-10,ANET,20.625,20.740625,20.2625,20.3875,7504240
2021-05-11,ANET,20.025,20.5475,19.951876,20.42125,9838592
2021-05-12,ANET,20.17125,20.229063,19.665,19.735624,6017792
2021-05-13,ANET,19.910625,20.065624,19.583124,19.8675,6643552
2021-05-14,ANET,20.103125,20.546875,19.98375,20.39875,5989856
2021-05-17,ANET,20.285625,20.45125,20.213125,20.361876,3400864
2021-05-18,ANET,20.451876,20.5825,20.303438,20.355,4273664
2021-05-19,ANET,20.08,20.349375,19.90625,20.223125,4979744
2021-05-20,ANET,20.28,21.1625,20.1075,20.995625,8560768
2021-05-21,ANET,20.800625,21.068125,20.4775,20.758125,7056992
2021-05-24,ANET,20.9375,21.224375,20.885,21.02875,4192544
2021-05-25,ANET,21.055626,21.275,21.043125,21.14375,4569072
2021-05-26,ANET,21.125,21.286875,20.990625,21.15375,4206544
2021-05-27,ANET,21.205,21.264376,21.054375,21.07,6499520
2021-05-28,ANET,21.25,21.349375,21.160625,21.21125,4526128
2021-06-01,ANET,21.164375,21.220312,20.918125,20.929375,4801632
2021-06-02,ANET,21.004375,21.004375,20.735,20.885626,7906432
2021-06-03,ANET,20.88125,21.593124,20.85375,21.491875,10199712
2021-06-04,ANET,21.5625,22.0125,21.5625,21.895,7760928
2021-06-07,ANET,21.895,22.035,21.788124,22.031876,5441600
2021-06-08,ANET,22.05,22.3325,21.955,22.17,6186208
2021-06-09,ANET,22.24625,22.529375,22.210312,22.483126,7697424
2021-06-10,ANET,22.481874,23.088125,22.343756,23.0725,10019376
2021-06-11,ANET,23.125,23.128124,22.58375,22.749374,8354832
2021-06-14,ANET,22.685625,22.818125,22.57375,22.80625,5832512
2021-06-15,ANET,22.8525,22.86375,22.535625,22.60875,4706976
2021-06-16,ANET,22.671875,23.03,22.52625,22.99125,6705536
2021-06-17,ANET,23.013124,23.405624,22.981874,23.1275,11195760
2021-06-18,ANET,22.9825,23.10375,22.60375,22.681875,18536704
2021-06-21,ANET,22.86,23.34375,22.681875,23.09375,6831776
2021-06-22,ANET,23.0375,23.072187,22.6575,22.771875,9111520
2021-06-23,ANET,22.8,22.91375,22.54375,22.788124,8760816
2021-06-24,ANET,23,23.025625,22.574375,22.71875,5134272
2021-06-25,ANET,22.710625,22.76,22.586876,22.63875,9678992
2021-06-28,ANET,22.656876,22.74875,22.544594,22.67625,7279392
2021-06-29,ANET,22.67625,22.764063,22.594376,22.735,5650224
2021-06-30,ANET,22.695625,22.7125,22.339375,22.644375,6017616
2021-07-01,ANET,22.711876,22.92625,22.569374,22.711876,5232512
2021-07-02,ANET,22.79,22.960625,22.584375,22.849375,4657696
2021-07-06,ANET,23.073126,23.4375,22.98875,23.433125,8904080
2021-07-07,ANET,23.438126,23.514063,22.779375,23.409374,9817744
2021-07-08,ANET,23.11875,23.31625,22.890625,23.135,9208128
2021-07-09,ANET,23.2675,23.66875,23.1875,23.626875,8267824
2021-07-12,ANET,23.590626,23.60025,23.105938,23.18125,4006384
2021-07-13,ANET,23.323126,23.427187,23.05625,23.12375,5815760
2021-07-14,ANET,23.23875,23.275625,22.844063,23.078125,4462240
2021-07-15,ANET,22.985313,23.155624,22.84375,23.003124,3998432
2021-07-16,ANET,23.003124,23.140625,22.690624,22.715626,5047824
2021-07-19,ANET,22.43625,22.828125,22.331875,22.6325,7483744
2021-07-20,ANET,22.81125,22.81125,22.61,22.730625,10111856
2021-07-21,ANET,22.813126,22.961876,22.59,22.948126,6900400
2021-07-22,ANET,23.149376,23.425,23.108126,23.335625,9026144
2021-07-23,ANET,23.48125,23.81625,23.426563,23.81125,6357920
2021-07-26,ANET,23.81625,23.81625,23.36875,23.585625,3437232
2021-07-27,ANET,23.5375,23.5575,23.081875,23.414375,4591440
2021-07-28,ANET,23.4375,23.600624,23.333225,23.565624,3589744
2021-07-29,ANET,23.644375,23.963125,23.634375,23.813126,3767088
2021-07-30,ANET,23.625,23.971563,23.61125,23.774376,5751328
2021-08-02,ANET,23.8125,23.874374,23.47625,23.57375,10293808
2021-08-03,ANET,22.78,23.861876,22.375,23.698126,11855648
2021-08-04,ANET,23.725,24,23.2725,23.8825,7565152
2021-08-05,ANET,23.84375,23.936874,23.66625,23.7875,5217904
2021-08-06,ANET,23.775625,23.775625,23.546274,23.6,5038288
2021-08-09,ANET,23.55875,23.636875,23.35625,23.46875,5401840
2021-08-10,ANET,23.4025,23.489374,23.115,23.23125,3946496
2021-08-11,ANET,23.2325,23.2325,22.9375,23.06875,5603792
2021-08-12,ANET,23.031876,23.031876,22.79375,22.936874,5649536
2021-08-13,ANET,22.92125,22.92125,22.599312,22.754375,5322496
2021-08-16,ANET,22.725,22.89625,22.555,22.844376,3368912
2021-08-17,ANET,22.65125,22.8325,22.520624,22.789375,3397216
2021-08-18,ANET,22.778126,22.894375,22.598125,22.629375,3242288
2021-08-19,ANET,22.456875,23.038437,22.375,22.9275,5375536
2021-08-20,ANET,22.95375,23.159374,22.91,23.11625,4643792
2021-08-23,ANET,23.02,23.215,22.973125,23.140625,6613472
2021-08-24,ANET,23.2325,23.540625,23.160625,23.528126,6459568
2021-08-25,ANET,23.484375,23.6975,23.295,23.3825,5872608
2021-08-26,ANET,23.4375,23.4375,23.021875,23.076876,3862880
2021-08-27,ANET,23.136875,23.43125,22.891874,23.30375,5738032
2021-08-30,ANET,23.346874,23.395624,23.090626,23.25625,8789328
2021-08-31,ANET,23.33625,23.33625,22.945625,23.095625,6977152
2021-09-01,ANET,23.09625,23.09625,22.393126,22.47375,12428992
2021-09-02,ANET,22.614374,22.868126,22.40125,22.744375,8356640
2021-09-03,ANET,22.648125,22.80875,22.545,22.695,7267168
2021-09-07,ANET,22.654375,22.654375,22.309376,22.46625,8563344
2021-09-08,ANET,22.423124,22.63125,22.325624,22.4725,5676736
2021-09-09,ANET,22.5725,22.660625,22.3725,22.383125,5283840
2021-09-10,ANET,22.56875,22.62,21.91875,21.9325,7113536
2021-09-13,ANET,21.850624,22.4,21.648125,22.39375,11260160
2021-09-14,ANET,22.5,22.55,22.140625,22.36,6470464
2021-09-15,ANET,22.36125,22.5175,22.068125,22.43,6854176
2021-09-16,ANET,22.506874,22.97625,22.471874,22.808125,7473952
2021-09-17,ANET,22.625,22.695312,22.210625,22.445625,21648928
2021-09-20,ANET,22.223125,22.373125,21.8,22.123125,6226720
2021-09-21,ANET,22.260626,22.264376,21.90875,21.97125,4835488
2021-09-22,ANET,22.115625,22.165,21.85625,21.885,7125808
2021-09-23,ANET,22.04625,22.44875,22.020624,22.369375,5294080
2021-09-24,ANET,22.254375,22.58,22.254375,22.509375,3354048
2021-09-27,ANET,22.40625,22.423437,22.094063,22.299376,4388608
2021-09-28,ANET,22.10375,22.1275,21.6325,21.66125,5166800
2021-09-29,ANET,21.744375,21.83625,21.60625,21.62375,6190752
2021-09-30,ANET,21.763124,21.806875,21.461876,21.4775,6286256
2021-10-01,ANET,21.5625,21.995,21.295,21.905,5484400
2021-10-04,ANET,21.823126,21.823126,21.345863,21.4825,7567920
2021-10-05,ANET,21.699375,22.224375,21.65875,22.059376,5497888
2021-10-06,ANET,21.865625,22.123062,21.5725,22.095,4383776
2021-10-07,ANET,22.35875,22.790625,22.320625,22.7575,8124160
2021-10-08,ANET,23.049376,23.4975,22.90375,23.245,9395360
2021-10-11,ANET,23.3125,23.698126,23.23875,23.599375,5613888
2021-10-12,ANET,23.65375,23.715626,23.385,23.434376,4328832
2021-10-13,ANET,23.55625,24.016874,23.428125,23.993126,6137280
2021-10-14,ANET,24.0625,24.706875,24.047188,24.701876,7618880
2021-10-15,ANET,24.68,24.781876,24.345,24.36125,6935280
2021-10-18,ANET,24.375,24.67875,23.94375,23.9825,8668480
2021-10-19,ANET,24.02375,24.36,23.95875,24.3525,5504944
2021-10-20,ANET,24.435,24.71875,24.28663,24.669374,5024048
2021-10-21,ANET,24.59375,24.764687,24.427813,24.7175,3945424
2021-10-22,ANET,24.666876,24.803125,24.3275,24.4075,3728416
2021-10-25,ANET,24.398125,24.600624,24.1125,24.1275,4469632
2021-10-26,ANET,24.823126,25.4875,24.727188,25.224375,11512992
2021-10-27,ANET,25.015,25.69875,25.015,25.174376,7061808
2021-10-28,ANET,25.218124,25.5325,25.041876,25.44,7929936
2021-10-29,ANET,25.2775,25.696875,25.0975,25.605625,7849408
2021-11-01,ANET,25.53625,25.86125,25.533125,25.535625,11327616
2021-11-02,ANET,30.59875,32.812492,30.19,30.741875,52095136
2021-11-03,ANET,30.689375,32.330624,30.406876,32.1125,21843456
2021-11-04,ANET,31.001875,33.374374,30.916832,32.74125,15910608
2021-11-05,ANET,32.5625,33.31375,32.520626,33.15875,10161920
2021-11-08,ANET,33.15625,33.495037,32.375,32.90125,8080016
2021-11-09,ANET,32.965626,33.533913,32.79,33.21,8387360
2021-11-10,ANET,32.7425,33.476044,32.40625,32.635,8313744
2021-11-11,ANET,32.72875,33.07562,32.460625,32.588123,6706864
2021-11-12,ANET,32.4375,33.073124,32.4375,32.8625,7585200
2021-11-15,ANET,32.8125,33.276875,32.596188,33.010624,5684912
2021-11-16,ANET,32.375,33.198124,32.1875,32.954376,10038704
2021-11-17,ANET,32.5625,33.418118,32.5625,33.02,6596224
2021-11-18,ANET,32.5,33.3125,32.25,33.1375,8507804
2021-11-19,ANET,32.3775,32.825,32.033,32.24,8125244
2021-11-22,ANET,32.4725,33.0375,32,32.04,8246456
2021-11-23,ANET,31.47,31.77,30.4375,31.6275,10393216
2021-11-24,ANET,31.7525,32.03,31.4475,31.945,5400592
2021-11-26,ANET,31.4175,31.8175,31.0475,31.2425,4903204
2021-11-29,ANET,31.87,32.0825,31.375,31.65,7191708
2021-11-30,ANET,31.4975,31.54,30.880026,31.015,10815828
2021-12-01,ANET,31.4075,31.555,30.325,30.3475,8917504
2021-12-02,ANET,30.355,30.88,29.85,30.82,9863424
2021-12-03,ANET,31.0625,31.246124,29.9075,30.3,7726080
2021-12-06,ANET,30.625,30.7225,29.76,30.4125,4812408
2021-12-07,ANET,30.945,31.67375,30.8725,31.5775,7115948
2021-12-08,ANET,31.6,31.75875,31.245,31.37,6197452
2021-12-09,ANET,31.64,32.69,31.51,32.165,9729576
2021-12-10,ANET,32.375,32.8,32.2075,32.6725,7390408
2021-12-13,ANET,32.8075,33.48,32.685,33.045,10708824
2021-12-14,ANET,32.6225,33,32.41,32.78,9210716
2021-12-15,ANET,32.925,34.8225,32.6875,34.665,14980584
2021-12-16,ANET,34.9075,35.1317,32.435,32.535,15025260
2021-12-17,ANET,32.75,34.0475,32.3225,33.7575,22887568
2021-12-20,ANET,33.14,33.8075,33,33.5825,7093896
2021-12-21,ANET,33.785,34.485,33.409077,34.4775,10894928
2021-12-22,ANET,34.2325,35.0826,34.0973,34.8825,6585676
2021-12-23,ANET,35,36.135,34.99,35.4625,9279056
2021-12-27,ANET,35.7175,37.1425,35.702526,36.71,8431848
2021-12-28,ANET,36.4875,36.84,35.9075,36.2225,6272008
2021-12-29,ANET,36.385,36.575,36.0375,36.4275,4598864
2021-12-30,ANET,36.445,36.5675,35.7575,35.7875,5357536
2021-12-31,ANET,36,36.3525,35.7815,35.9375,4335536
2022-01-03,ANET,36.0225,36.125,35.1675,35.56,9187524
2022-01-04,ANET,35.5625,35.5625,34.305,34.665,8998024
2022-01-05,ANET,34.59,34.74,33.263374,33.2875,8955440
2022-01-06,ANET,32.9425,33.6525,32.90625,33.1675,5950916
2022-01-07,ANET,33.3425,33.755,32.355,32.37,9308320
2022-01-10,ANET,32.17,32.9275,31.4725,32.885,9631948
2022-01-11,ANET,32.9175,33.355,32.522526,33.295,4464588
2022-01-12,ANET,33.4425,34.145,33.1075,33.2625,4855164
2022-01-13,ANET,33.25,33.401974,32.7675,32.8,6226492
2022-01-14,ANET,32.61,32.8125,31.89,32.435,7825052
2022-01-18,ANET,31.9175,32.19,31.55,31.7725,7106336
2022-01-19,ANET,31.8725,32.2625,31.285,31.3275,8817148
2022-01-20,ANET,31.64,31.7775,30.4175,30.485,7412044
2022-01-21,ANET,30.5625,30.795,29.49625,29.6575,10247332
2022-01-24,ANET,29.3525,30.4625,28.7125,30.38,18511604
2022-01-25,ANET,29.8975,29.99,28.78875,29.2375,8747132
2022-01-26,ANET,29.6675,30.495,29.115,29.4875,8144928
2022-01-27,ANET,30.3375,30.6075,29.0625,29.48,9303768
2022-01-28,ANET,29.5025,30.0975,29.03,30.0475,8095540
2022-01-31,ANET,30.2375,31.09,30.1375,31.0775,6705940
2022-02-01,ANET,31.055,31.105,30.215,31.075,6891488
2022-02-02,ANET,31.5,31.99,31.0925,31.4025,8327756
2022-02-03,ANET,30.67,30.9975,30.3675,30.555,6383524
2022-02-04,ANET,30.28,31.042175,30.075,30.58,6838196
2022-02-07,ANET,30.57,30.8475,30.38,30.5425,4326344
2022-02-08,ANET,30.5675,31.02,30.31,30.84,5349088
2022-02-09,ANET,31.125,32.37,31.0675,32.36,8606856
2022-02-10,ANET,31.6425,32.6875,31.3525,31.7675,8266312
2022-02-11,ANET,31.72,31.9275,30.025,30.23,9787160
2022-02-14,ANET,30,30.925,29.9125,30.705,16792212
2022-02-15,ANET,33.2125,33.2125,31.1425,32.485,26996376
2022-02-16,ANET,32.1075,33.24,31.51,33.11,11399440
2022-02-17,ANET,33.005,33.4675,32.155,32.3075,8053060
2022-02-18,ANET,32.185,32.2875,31.3825,31.48,9002480
2022-02-22,ANET,31,31.4225,30.0775,30.4575,8068252
2022-02-23,ANET,30.725,30.9125,29.38,29.5425,8970224
2022-02-24,ANET,27.30625,30.3525,27.0575,30.215,11578480
2022-02-25,ANET,30.215,30.9825,29.88,30.875,8559940
2022-02-28,ANET,30.5975,30.9825,30.03,30.6825,7883692
2022-03-01,ANET,30.5225,30.53875,29.3275,29.47,7748780
2022-03-02,ANET,29.6475,30.8975,29.5,30.76,6339408
2022-03-03,ANET,30.9975,31.0275,29.7925,30.085,6632216
2022-03-04,ANET,29.885,30.24,29.3175,29.6375,6262436
2022-03-07,ANET,29.7075,29.71,28.5775,28.6125,11110252
2022-03-08,ANET,28.6125,29.61,27.84,28.65,7235568
2022-03-09,ANET,29.73,30.41125,29.3875,30.1525,7629632
2022-03-10,ANET,30.115,30.43875,29.47,30.2275,6480040
2022-03-11,ANET,30.4475,31.185,29.93,29.9775,5750144
2022-03-14,ANET,30.015,30.4325,28.542524,28.82,7019292
2022-03-15,ANET,29.2,30.2975,29.0375,30.29,7037104
2022-03-16,ANET,30.5425,31.18045,29.9975,31.0475,6054660
2022-03-17,ANET,30.6875,31.7425,30.6875,31.5,9699504
2022-03-18,ANET,31.6225,32.9225,31.1425,32.8125,19216136
2022-03-21,ANET,32.6975,33.1975,32.3275,32.9875,6362312
2022-03-22,ANET,33.07,34.09,32.845,34.005,8939000
2022-03-23,ANET,33.695,34.2,32.815,33.2875,8141724
2022-03-24,ANET,34.0075,34.9875,33.275,34.9175,9593488
2022-03-25,ANET,35,35.0025,33.786926,34.6,6452588
2022-03-28,ANET,34.5025,35.055,34.027924,34.8475,4076872
2022-03-29,ANET,35.2875,35.5375,34.6375,35.2,5483400
2022-03-30,ANET,35.1125,35.34,34.2275,34.5475,6964092
2022-03-31,ANET,34.5475,35.195,34.47,34.745,6722080
2022-04-01,ANET,35.0825,35.22,34.4075,34.87,4997352
2022-04-04,ANET,34.87,35.865425,34.7975,35.6875,6331536
2022-04-05,ANET,35.5,35.8925,34.88,35.2675,6911784
2022-04-06,ANET,34.6475,34.6975,32.195,33.0025,12996500
2022-04-07,ANET,33.025,33.59,32.73375,33.205,6186040
2022-04-08,ANET,33.045,33.20385,32.51,32.7575,4657252
2022-04-11,ANET,32.25,32.51,31.735,31.79,5548588
2022-04-12,ANET,32.1575,33.06,31.74,31.855,6405464
2022-04-13,ANET,31.985,32.99,31.8175,32.8425,4532572
2022-04-14,ANET,32.8525,33.2125,31.625,31.645,6296984
2022-04-18,ANET,31.52,32.15375,31.2825,31.55,5640676
2022-04-19,ANET,31.525,32.29625,31.125,32.21,5211360
2022-04-20,ANET,31.375,32.29,30.91375,31.79,8182836
2022-04-21,ANET,32.265,32.46,30.0075,30.0475,8438636
2022-04-22,ANET,30.15,30.25,29.37,29.425,8435388
2022-04-25,ANET,29.2425,29.775,28.7175,29.735,7031908
2022-04-26,ANET,29.5875,29.62,28.6975,28.81,7280280
2022-04-27,ANET,28.87,29.2775,28.3475,28.795,8140656
2022-04-28,ANET,29.3,30.455,29.0375,30.2275,8382472
2022-04-29,ANET,29.875,30.31,28.825,28.8925,7794196
2022-05-02,ANET,28.9275,29.715,28.79,29.565,11936708
2022-05-03,ANET,28.2225,29.625,28.0875,28.5075,12529096
2022-05-04,ANET,28.585,29.48,27.89125,29.4475,8849224
2022-05-05,ANET,29.135,29.225,27.375,27.745,11959772
2022-05-06,ANET,27.4275,28.3675,27.295,27.745,6698832
2022-05-09,ANET,27.185,27.293976,25.4475,25.62,11482016
2022-05-10,ANET,26.1925,26.6675,25.5775,26.2775,8880776
2022-05-11,ANET,25.9325,26.81,25.39,25.7275,6088808
2022-05-12,ANET,25.38,26.1425,24.80625,25.4175,11578896
2022-05-13,ANET,25.9125,27.3425,25.9125,27.1625,9163268
2022-05-16,ANET,26.92,27.06775,26.165,26.25,5328408
2022-05-17,ANET,26.8425,26.959974,26.235,26.8425,5063584
2022-05-18,ANET,26.3525,26.595,25.215,25.6425,9691508
2022-05-19,ANET,25.255,25.725,24.63,25.275,7832580
2022-05-20,ANET,25.75,25.9075,24.667524,25.66,10829780
2022-05-23,ANET,25.495,25.7675,25.1475,25.575,8199236
2022-05-24,ANET,25.29,25.315,24.305,24.9225,7921320
2022-05-25,ANET,24.75,25.45,24.66,25.2375,8012044
2022-05-26,ANET,25.29,26.0925,25.0575,25.9275,8006748
2022-05-27,ANET,26.3325,26.53,26,26.4675,6560844
2022-05-31,ANET,26.2,26.32,25.4975,25.57,16090372
2022-06-01,ANET,25.875,26.2125,25.105,25.4175,7649264
2022-06-02,ANET,25.33,26.547775,25.25,26.535,7828252
2022-06-03,ANET,26.28,26.305,25.64625,25.7925,4297048
2022-06-06,ANET,26.305,26.505,25.71,25.8775,4159876
2022-06-07,ANET,25.5925,26.1175,25.56125,26.075,4827972
2022-06-08,ANET,25.765,26.175,25.6625,25.7625,3651076
2022-06-09,ANET,25.625,25.74,24.45,24.6025,8524100
2022-06-10,ANET,24.175,24.3225,23.645,23.74,11502476
2022-06-13,ANET,22.8075,23.46,22.7075,23.0225,11939400
2022-06-14,ANET,22.9325,23.29375,22.645,22.9825,10707464
2022-06-15,ANET,23.375,23.6275,22.8125,23.2175,6016984
2022-06-16,ANET,22.5975,22.965,22.27875,22.605,7040676
2022-06-17,ANET,22.755,23.15,22.5525,22.735,10750228
2022-06-21,ANET,23.0975,23.6625,23.03175,23.4575,6375860
2022-06-22,ANET,23.1025,23.6975,23.1025,23.26,5427064
2022-06-23,ANET,23.5625,24.11,23.4825,23.84,9006076
2022-06-24,ANET,24.2325,24.9725,24.2325,24.955,9580872
2022-06-27,ANET,25.0775,25.1775,24.3825,24.7175,5361480
2022-06-28,ANET,24.7225,25.0125,23.7775,23.815,5872400
2022-06-29,ANET,23.8675,24.0925,23.3925,23.7325,4384724
2022-06-30,ANET,23.3325,23.75,23.0275,23.435,6088080
2022-07-01,ANET,23.285,23.4,22.935,23.3525,6034740
2022-07-05,ANET,22.8275,24.1175,22.8275,24.0375,8260616
2022-07-06,ANET,24.215,24.8925,24.1075,24.6575,8221064
2022-07-07,ANET,24.9925,25.625,24.8625,25.4925,6466464
2022-07-08,ANET,25.27,26.01,25.155,25.75,7185756
2022-07-11,ANET,25.53,25.7875,25.37,25.425,4634316
2022-07-12,ANET,25.585,25.8725,24.43625,24.565,7118728
2022-07-13,ANET,24.0475,24.8425,23.9925,24.575,5993472
2022-07-14,ANET,24.1625,24.8325,23.725,24.775,5767068
2022-07-15,ANET,25.095,25.4425,24.68625,25.4175,5035052
2022-07-18,ANET,25.5125,25.5125,25.03,25.145,5500092
2022-07-19,ANET,26.0275,26.26,25.575,26.1875,7310308
2022-07-20,ANET,25.5025,26.3475,25.448324,26.2225,9024756
2022-07-21,ANET,26.315,26.5,25.865,26.4875,7733984
2022-07-22,ANET,26.2525,26.34,25.395,25.595,7197364
2022-07-25,ANET,25.6025,26.03125,25.465,25.865,7748296
2022-07-26,ANET,26.02,26.515,25.645,25.835,9023868
2022-07-27,ANET,26.13,27.395,26.13,27.275,9391016
2022-07-28,ANET,28,29.1075,27.8675,28.8325,15828748
2022-07-29,ANET,28.785,29.3325,28.4925,29.1575,7899740
2022-08-01,ANET,28.805,29.5325,28.5275,29.4025,10364568
2022-08-02,ANET,30.7275,30.7675,29.205,29.285,17637456
2022-08-03,ANET,29.56,30.6025,29.4975,30.425,10796716
2022-08-04,ANET,30.55,31.0475,30.5,30.765,8593928
2022-08-05,ANET,30.47,31.71,30.41775,31.67,9989844
2022-08-08,ANET,31.5175,31.5175,30.8675,31.1775,10300052
2022-08-09,ANET,30.875,31.15,30.215,30.2425,8875616
2022-08-10,ANET,30.98,31.9375,30.725,31.8675,9000084
2022-08-11,ANET,31.95,32,31.45,31.5075,6286112
2022-08-12,ANET,31.85,32.015,31.6,31.715,4503988
2022-08-15,ANET,31.5925,32.2375,31.5725,32.185,4615036
2022-08-16,ANET,32.1425,32.5625,31.94,32.4775,5383180
2022-08-17,ANET,32.25,32.677475,32.0175,32.365,5189980
2022-08-18,ANET,32.6425,33.2175,32.55125,33.185,6928492
2022-08-19,ANET,32.8,32.8175,32.25875,32.5,6003872
2022-08-22,ANET,31.875,31.88,31.3825,31.785,5703696
2022-08-23,ANET,31.35,32.305,31.28,31.74,6697484
2022-08-24,ANET,31.74,31.7825,31.305,31.4075,6209512
2022-08-25,ANET,31.5,31.785,31.4125,31.6225,7527440
2022-08-26,ANET,31.6375,31.7575,30.7425,30.7575,5240360
2022-08-29,ANET,30.325,30.755,30.3,30.395,4753148
2022-08-30,ANET,30.8025,30.8675,29.93,30.275,4375324
2022-08-31,ANET,30.25,30.7125,29.8275,29.97,8630104
2022-09-01,ANET,29.705,29.705,28.5575,29.32,8160588
2022-09-02,ANET,29.605,30.1275,29.22,29.325,5009096
2022-09-06,ANET,29.4275,29.71,28.956,29.3875,5686144
2022-09-07,ANET,29.48,30.0825,29.285,30.0675,5636420
2022-09-08,ANET,29.7725,30.72,29.7225,30.695,7344892
2022-09-09,ANET,31,31.3225,30.86,31.1025,6674896
2022-09-12,ANET,31.4,31.675,30.985,31.1875,5406700
2022-09-13,ANET,30.505,30.5825,29.8656,29.98,7251364
2022-09-14,ANET,29.995,30.755,29.995,30.565,7905984
2022-09-15,ANET,30.51,30.56,29.075,29.235,8521944
2022-09-16,ANET,28.9025,28.9875,28.22,28.9325,28912944
2022-09-19,ANET,28.5175,28.97875,28.43,28.735,8262464
2022-09-20,ANET,28.505,28.6275,28.1175,28.5175,5068808
2022-09-21,ANET,29.2675,29.702475,28.4425,28.455,7376596
2022-09-22,ANET,28.2075,28.42,27.7975,28.1375,5921556
2022-09-23,ANET,27.77,27.8675,27.1075,27.4925,9528424
2022-09-26,ANET,27.555,27.91125,27.1925,27.275,5262768
2022-09-27,ANET,27.89,28.215,27.325,27.73,4741040
2022-09-28,ANET,27.9425,29.325,27.8275,29.1725,8472968
2022-09-29,ANET,28.975,29.25625,28.15,28.6875,8028068
2022-09-30,ANET,28.5275,29.0825,28.185,28.2225,5875900
2022-10-03,ANET,28.7175,29.27125,28.3925,28.9575,5007128
2022-10-04,ANET,29.7475,30.2325,29.5875,30.2025,6337968
2022-10-05,ANET,29.7075,30.53,29.595,30.3375,4993032
2022-10-06,ANET,30.25,30.8275,30.1625,30.475,6798500
2022-10-07,ANET,29.925,29.9825,28.9225,29.1025,6787744
2022-10-10,ANET,29.2325,29.2325,26.565,27.37,12425460
2022-10-11,ANET,27.1225,27.2425,26.54,26.7625,7869740
2022-10-12,ANET,26.965,27.095,25.81125,25.9125,11608808
2022-10-13,ANET,24.775,26.3,24.551125,25.9775,15801300
2022-10-14,ANET,26.15,26.32,25.0825,25.0925,8474004
2022-10-17,ANET,25.8475,26.4925,25.68,26.14,8794092
2022-10-18,ANET,27,27.205,26.15,26.57,9424304
2022-10-19,ANET,26.26,26.8725,26.015,26.2775,9289024
2022-10-20,ANET,26.2075,27.2375,26.2075,26.41,6243120
2022-10-21,ANET,26.4125,27.75,26.34625,27.63,8714856
2022-10-24,ANET,27.6875,28.035,27.26125,27.685,5509488
2022-10-25,ANET,26.75,28.275,26.625,28.1575,12796420
2022-10-26,ANET,27.6175,27.97375,27.0075,27.2425,15592996
2022-10-27,ANET,30.3025,31.6325,29.5525,29.7825,21059888
2022-10-28,ANET,29.8575,30.4375,29.27875,30.3675,12880820
2022-10-31,ANET,30.1125,30.8425,29.975,30.215,13500364
2022-11-01,ANET,30.095,32.015,29.5275,31.9275,21069196
2022-11-02,ANET,31.9675,32.531376,31.188375,31.26,13448616
2022-11-03,ANET,30.9325,31.492075,30.49125,30.5625,8249784
2022-11-04,ANET,32.91,33.425,32.220024,32.7675,15840024
2022-11-07,ANET,32.8975,32.9975,32.395,32.645,7578784
2022-11-08,ANET,32.6825,32.7725,32.05375,32.2775,12930856
2022-11-09,ANET,31.2225,31.3375,30.6075,30.73,12337532
2022-11-10,ANET,32.55,32.5725,31.4175,31.745,14523348
2022-11-11,ANET,31.87,32.4425,31.4175,32.1375,11499652
2022-11-14,ANET,32.125,33.652473,32.0875,32.8,13107408
2022-11-15,ANET,33.35,33.55125,32.64,33.1625,9686292
2022-11-16,ANET,32.8225,32.93,32.14,32.6725,5824176
2022-11-17,ANET,32.3525,33.395,32.25,33.015,7471276
2022-11-18,ANET,33.5425,33.925,33.272877,33.87,7818664
2022-11-21,ANET,33.74,34.2375,33.5,33.6525,5043204
2022-11-22,ANET,33.255,34.06375,33.0125,34.01,6710660
2022-11-23,ANET,34.035,34.3475,33.73125,34.2975,6086936
2022-11-25,ANET,34.3075,34.3375,33.9075,33.94,2579636
2022-11-28,ANET,33.85,33.9825,33.195,33.425,5499392
2022-11-29,ANET,33.5125,33.6175,33.107826,33.4275,4440248
2022-11-30,ANET,33.4275,34.83,33.2075,34.825,11393112
2022-12-01,ANET,35.0125,35.2025,34.42375,34.945,6571788
2022-12-02,ANET,34.125,34.325,33.305,33.76,8066940
2022-12-05,ANET,33.29,33.5725,33.0175,33.2075,5273548
2022-12-06,ANET,33.4225,33.44,31.94625,32.26,8334456
2022-12-07,ANET,32.1025,32.19,31.185,31.69,11264028
2022-12-08,ANET,32.015,32.17,31.54,32.0325,10897456
2022-12-09,ANET,32.1325,32.9325,31.9525,31.975,7669416
2022-12-12,ANET,31.9675,32.7475,31.5975,32.74,7929540
2022-12-13,ANET,34.1775,34.4625,33.0025,33.255,10816656
2022-12-14,ANET,33.32,33.82125,32.4475,32.7475,8597728
2022-12-15,ANET,32.29,32.3825,31.1875,31.395,10187104
2022-12-16,ANET,30.96,31.13,30.54,30.915,13683648
2022-12-19,ANET,31.0625,31.0625,30.3625,30.6375,6730304
2022-12-20,ANET,30.4525,30.7375,30.1375,30.4425,6849496
2022-12-21,ANET,30.625,31.145,30.5425,30.8325,4728452
2022-12-22,ANET,30.555,30.555,29.6475,30.0925,6910820
2022-12-23,ANET,30.0225,30.1,29.57,29.9425,3981576
2022-12-27,ANET,29.9725,29.979176,29.505,29.715,2807776
2022-12-28,ANET,29.6375,29.9725,29.4675,29.7925,4346040
2022-12-29,ANET,30.2375,30.5925,30.2025,30.47,4895472
2022-12-30,ANET,30.15,30.355,29.88875,30.3375,3355896
2023-01-03,ANET,30.7275,30.945,29.725,30.2275,6774884
2023-01-04,ANET,30.15,30.275,28.2876,28.46,18457136
2023-01-05,ANET,28.0925,28.0925,27.2925,27.3725,14832028
2023-01-06,ANET,27.55,28.25,27.2275,28.1125,9314232
2023-01-09,ANET,28.4425,29.3325,28.425,28.7175,7245024
2023-01-10,ANET,28.6575,29.0525,28.485,28.8075,5217412
2023-01-11,ANET,28.8,29.095,28.5025,29.0825,5926748
2023-01-12,ANET,29.1875,29.4225,28.6375,29.295,6387640
2023-01-13,ANET,28.82,29.2275,28.745,28.75,8000392
2023-01-17,ANET,28.7325,29.235,28.6275,29.075,10824896
2023-01-18,ANET,29.405,29.5925,28.6975,28.75,9951340
2023-01-19,ANET,28.6375,28.7675,27.75,27.8775,6972120
2023-01-20,ANET,27.9725,28.83,27.92,28.7825,8555072
2023-01-23,ANET,28.9075,30.025,28.8725,29.79,7890320
2023-01-24,ANET,29.7925,30.49,26.8925,30.4425,7675792
2023-01-25,ANET,29.835,30.475,29.4125,30.385,8469304
2023-01-26,ANET,30.895,31.2575,30.73,30.9975,6475720
2023-01-27,ANET,30.91,31.7675,30.875,31.515,8716072
2023-01-30,ANET,31.2525,31.3975,30.83,30.96,7096556
2023-01-31,ANET,30.925,31.595,30.85625,31.505,6803404
2023-02-01,ANET,31.3725,32.75,30.935,32.63,15002128
2023-02-02,ANET,32.8875,33.6125,32.625,33.36,18965520
2023-02-03,ANET,32.7175,33.4475,32.57375,32.99,8339636
2023-02-06,ANET,32.685,33.185,32.2725,32.4225,8419116
2023-02-07,ANET,32.38,33.935,32.2525,33.7275,9198672
2023-02-08,ANET,33.835,34.525,33.6375,34.115,11512060
2023-02-09,ANET,34.5,34.70375,33.935,34.13,8660248
2023-02-10,ANET,33.8625,33.9775,33.0725,33.3175,7745200
2023-02-13,ANET,33.625,34.22125,33.5,34,12509984
2023-02-14,ANET,33.6325,36.0925,32.52,35.365,29935984
2023-02-15,ANET,35.735,36.2925,35.1875,35.3825,11474524
2023-02-16,ANET,35.0825,35.965,34.825,35.42,9157008
2023-02-17,ANET,35.0925,35.25,34.17275,34.5575,7675824
2023-02-21,ANET,34.2325,34.4975,33.6125,33.6325,5539704
2023-02-22,ANET,33.28,34,33.13,33.8025,8825820
2023-02-23,ANET,34.465,35.0875,33.54875,34.21,6332408
2023-02-24,ANET,33.7775,34.0075,33.3,33.8825,5308616
2023-02-27,ANET,34.4425,34.81,34.27505,34.5,6678600
2023-02-28,ANET,34.4875,34.9625,34.4875,34.675,8227300
2023-03-01,ANET,34.7,34.7875,34.33,34.64,7071052
2023-03-02,ANET,34.5,34.5,33.616474,34.145,7820816
2023-03-03,ANET,34.47,35.2075,34.4025,35.17,7320216
2023-03-06,ANET,35.59,36.1825,35.34,35.645,9174620
2023-03-07,ANET,36,36.115,35.375,35.7175,5931300
2023-03-08,ANET,35.75,37.225,35.75,37.1,15441412
2023-03-09,ANET,37.1975,38.017475,36.945,37.1625,16618760
2023-03-10,ANET,37.105,37.6825,36.3025,36.615,11646448
2023-03-13,ANET,36.2925,37.1475,35.6125,36.7175,9258648
2023-03-14,ANET,37.4575,38.3125,37.04,38.2875,12854780
2023-03-15,ANET,37.7775,38.505,37.655,38.45,12148608
2023-03-16,ANET,38.49875,41.065,38.2625,40.67,20613968
2023-03-17,ANET,40.63125,41.06,40.02,40.815,18563536
2023-03-20,ANET,40.565,41.3125,40.2625,41.05,11243352
2023-03-21,ANET,41.4875,42.2925,41.13,42.02,14372744
2023-03-22,ANET,41.89,42.53375,41.4975,41.515,12151604
2023-03-23,ANET,42.08,42.86,41.8225,42.3475,11962432
2023-03-24,ANET,42.215,42.4875,41.7625,42.235,10001048
2023-03-27,ANET,42.345,42.7825,41.89375,41.99,7770940
2023-03-28,ANET,41.4975,41.59,40.26,40.75,15170028
2023-03-29,ANET,41.2125,41.2575,40.335,40.625,14022516
2023-03-30,ANET,40.875,40.975,40.4525,40.6225,11673456
2023-03-31,ANET,40.63625,42.015,40.1825,41.965,12121856
2023-04-03,ANET,41.4125,42.08,41.25755,41.935,12871196
2023-04-04,ANET,41.9375,42.165,41.39875,41.685,6092000
2023-04-05,ANET,41.3625,41.437374,40.56,40.715,8589504
2023-04-06,ANET,39.6725,40.26125,39.287525,39.9625,10710180
2023-04-10,ANET,39.6475,40.8575,39.575,40.7825,5932188
2023-04-11,ANET,40.5,40.625,39.79,39.9025,7226780
2023-04-12,ANET,40.43,40.74625,40.0075,40.3525,7585696
2023-04-13,ANET,40.66,41.3075,40.44375,41.1975,6674660
2023-04-14,ANET,41.03,41.71,40.66,40.9,5595924
2023-04-17,ANET,41.13,41.155,40.56,40.855,4230916
2023-04-18,ANET,41.305,41.4375,40.44,40.6725,6545600
2023-04-19,ANET,40.28,40.31125,39.065,39.5225,11826268
2023-04-20,ANET,38.77,39.3575,38.6275,38.8475,9183168
2023-04-21,ANET,38.8575,39.1025,38.435,38.9675,6270860
2023-04-24,ANET,38.9675,39.2125,38.6575,39.14,9403056
2023-04-25,ANET,39.14,39.41,38.255276,38.395,11003156
2023-04-26,ANET,39.365,39.895,38.795,38.99,13028228
2023-04-27,ANET,39.2525,39.36375,38.0875,39.19,9014260
2023-04-28,ANET,39,40.07,38.8325,40.04,9546672
2023-05-01,ANET,40.1375,40.5225,39.8575,40.04,17197056
2023-05-02,ANET,36.3275,36.5,33.6825,33.745,65663064
2023-05-03,ANET,33.775,34.0275,33.0625,33.1825,20181656
2023-05-04,ANET,33.005,34.2025,32.92,33.835,16893092
2023-05-05,ANET,33.8475,34.845,33.615,34.495,12140136
2023-05-08,ANET,34.525,34.995,34.4675,34.5175,8765176
2023-05-09,ANET,34.2275,34.84,34.185,34.63,8849796
2023-05-10,ANET,35.1025,35.47475,34.67,35.31,8802832
2023-05-11,ANET,35.3575,35.485,34.6075,34.7525,7244888
2023-05-12,ANET,34.785,35.11,34.2325,34.6575,7115960
2023-05-15,ANET,34.625,34.915,34.4675,34.495,6594680
2023-05-16,ANET,34.375,34.6,33.9675,34.035,8425324
2023-05-17,ANET,34.1475,34.2825,33.6575,33.9575,9409752
2023-05-18,ANET,33.64,35.45,33.355,35.365,13197656
2023-05-19,ANET,35.7025,36.4425,35.505,35.9775,13318904
2023-05-22,ANET,36.31,36.915,36.18,36.3425,10478768
2023-05-23,ANET,35.9925,36.2225,35.1025,35.1175,10950732
2023-05-24,ANET,35.575,35.72,34.795,35.305,12674572
2023-05-25,ANET,38.305,39.19,37.658127,39.05,32553456
2023-05-26,ANET,39.2525,42.6725,39.25,42.5875,34803664
2023-05-30,ANET,42.755,44.59,42.5275,43.605,25407576
2023-05-31,ANET,42.5025,42.65,41.4575,41.585,24697528
2023-06-01,ANET,41.45,41.9425,41.1825,41.67,14539928
2023-06-02,ANET,41.8125,42.494976,40.61,40.625,13507984
2023-06-05,ANET,40.7425,41.01,40.0025,40.6575,9474188
2023-06-06,ANET,40.25,40.35125,39.4575,39.92,12061528
2023-06-07,ANET,39.9175,40.614975,38.865,38.8975,13352000
2023-06-08,ANET,39,40.7775,38.94,40.58,11425200
2023-06-09,ANET,41.0375,41.795,40.3325,40.63,11920576
2023-06-12,ANET,40.8625,42.505,40.71,42.5,12936536
2023-06-13,ANET,42.78,43.15875,41.4025,42.15,13179184
2023-06-14,ANET,41.66,42.29,41.1025,42.27,10488640
2023-06-15,ANET,40.285,41.08,39.5975,40.8675,25975072
2023-06-16,ANET,41.4225,41.555,39.3425,39.4475,17998908
2023-06-20,ANET,39.325,39.855,38.43,38.625,17504040
2023-06-21,ANET,38.3975,38.567474,37.4675,37.8775,13290520
2023-06-22,ANET,37.745,38.3475,37.43,38.31,13265192
2023-06-23,ANET,37.6875,37.7375,37.07965,37.205,33677184
2023-06-26,ANET,37.4025,38.3075,37.2725,37.705,10996316
2023-06-27,ANET,38.075,39.3225,38.05,39.0325,12628664
2023-06-28,ANET,38.73,39.5125,38.49875,38.965,9361704
2023-06-29,ANET,39.2775,39.99,38.79875,39.8225,9024876
2023-06-30,ANET,40.3425,41.05,39.9525,40.515,12004936
2023-07-03,ANET,40.335,40.464375,39.485,39.975,3686632
2023-07-05,ANET,39.555,40.06,39.4175,39.92,6179276
2023-07-06,ANET,39.4075,39.9125,39.181225,39.725,5550944
2023-07-07,ANET,39.6625,40.1725,39.355,39.5,7140276
2023-07-10,ANET,39.3975,39.9075,38.95,39.8875,5835040
2023-07-11,ANET,40.1225,40.44,39.6,40.0425,6459880
2023-07-12,ANET,40.5,41.15375,40.4,41.01,10754612
2023-07-13,ANET,41.3,42.195,41.22125,42.1525,11158140
2023-07-14,ANET,41.73,42.375,40.72625,41.395,8140324
2023-07-17,ANET,41.385,42.615,41.385,42.605,7499440
2023-07-18,ANET,42.605,43.71,42.20625,43.3775,11923100
2023-07-19,ANET,43.615,44.165,43.42,44.065,9626356
2023-07-20,ANET,43.825,44.21125,42.4725,42.8525,10467288
2023-07-21,ANET,43.33,43.445,42.851875,42.91,6565252
2023-07-24,ANET,42.965,43.08,42.1875,42.93,8346152
2023-07-25,ANET,43.3225,43.89,43.137676,43.5225,10618056
2023-07-26,ANET,43.41,43.41,40.57875,41.1125,15090568
2023-07-27,ANET,41.075,41.22,39.89,40.2475,15479612
2023-07-28,ANET,39.25,39.295,37.275,37.7725,29156520
2023-07-31,ANET,38.25,38.8549,37.68,38.7725,28504084
2023-08-01,ANET,44.375,47.6625,42.575,46.4025,64184110
2023-08-02,ANET,45.7775,45.96,44.205,44.32,17016628
2023-08-03,ANET,44.5,45.2325,43.5,44.44,11157500
2023-08-04,ANET,44.72,45.6275,44.25,44.9,10312780
2023-08-07,ANET,45.0325,45.275,43.5975,44.8175,9074628
2023-08-08,ANET,44.75,45.365,44.345,45.1125,8652168
2023-08-09,ANET,45.13,45.585,44.135,44.365,6640484
2023-08-10,ANET,44.7325,45.157475,43.855,44.075,5088548
2023-08-11,ANET,44.085,44.35,43.6125,43.735,4929648
2023-08-14,ANET,43.5775,44.665,43.5025,44.53,6647696
2023-08-15,ANET,44.5225,45.47,44.41,44.9125,6409304
2023-08-16,ANET,45.405,45.7025,45.035,45.3425,17086380
2023-08-17,ANET,45.545,46.205,45.2675,45.69,11352980
2023-08-18,ANET,44.84,45.525,44.3075,45.135,9461800
2023-08-21,ANET,45.3825,46.6625,45.3325,46.1675,8606740
2023-08-22,ANET,46.15,47.295,45.84125,46.88,14531300
2023-08-23,ANET,47.005,47.737476,46.5133,47.4575,10072728
2023-08-24,ANET,48.055,48.4775,44.785,44.7975,13534416
2023-08-25,ANET,44.985,45.81375,44.555,45.225,6566908
2023-08-28,ANET,45.25,45.67,44.3225,45.49,4766308
2023-08-29,ANET,45.29,46.7775,45.29,46.3625,4915148
2023-08-30,ANET,46.25,47.075,46.1875,46.775,4921860
2023-08-31,ANET,48,49.19,47.61,48.8075,19036672
2023-09-01,ANET,49.445,49.675,48.66255,49.34,8223808
2023-09-05,ANET,49.4175,49.55,48.889675,49.365,6325492
2023-09-06,ANET,49.1325,49.569977,48.7975,49.385,4841972
2023-09-07,ANET,48.4975,49.216873,47.8625,48.885,6701788
2023-09-08,ANET,48.5725,49.3575,48.37,49.1175,5989468
2023-09-11,ANET,49.6,49.655,47.5475,48.2975,7478320
2023-09-12,ANET,47.66,48.1875,47.24,47.2575,6111196
2023-09-13,ANET,46.815,48.09,46.42585,47.0225,6460024
2023-09-14,ANET,47.67,47.7475,46.765,46.89,6193980
2023-09-15,ANET,46.525,46.6025,45.8875,46.18,8419144
2023-09-18,ANET,45.75,46.975,45.6,46.505,5998536
2023-09-19,ANET,46.36,46.3875,45.555,46.2075,4142676
2023-09-20,ANET,46.36,46.69,45.67125,45.6875,5093024
2023-09-21,ANET,45.0925,45.18625,44.255,44.465,7298936
2023-09-22,ANET,44.65,45.38,44.5975,45.085,5640964
2023-09-25,ANET,44.7825,45.9575,44.57455,45.295,6033264
2023-09-26,ANET,44.8575,44.93375,44.2775,44.48,5951484
2023-09-27,ANET,44.9325,45.75,44.7525,45.4,8677412
2023-09-28,ANET,45.3775,46.22875,45.115,46.1075,6858376
2023-09-29,ANET,46.51,47.1375,45.74,45.9825,6912724
2023-10-02,ANET,46.13,47.475,46.0075,46.9525,6685776
2023-10-03,ANET,46.785,47.07875,45.79,46.2225,5250804
2023-10-04,ANET,46.225,46.89,45.913475,46.5075,7835088
2023-10-05,ANET,46.4025,47.2375,45.815,47.0075,6706924
2023-10-06,ANET,47.1075,48.866,46.4075,48.505,8164868
2023-10-09,ANET,48.14,49.2175,47.76525,49.1,5825524
2023-10-10,ANET,49.1,49.615,48.605,48.6825,6499660
2023-10-11,ANET,48.1875,48.609974,46.5225,47.965,12098060
2023-10-12,ANET,48.3375,49.36875,47.890877,48.2525,7574872
2023-10-13,ANET,48.3825,48.505,47.335,47.4625,5095904
2023-10-16,ANET,47.7125,49.58,47.7125,49.21,8604560
2023-10-17,ANET,48.4375,49.567474,47.95,48.8525,7319380
2023-10-18,ANET,48.6675,49.4325,48.195,48.55,7547568
2023-10-19,ANET,48.75,49.3275,47.6675,47.87,6583920
2023-10-20,ANET,48.1625,48.19125,46.035,46.5275,6350936
2023-10-23,ANET,46.1775,47.16875,45.105,46.63,6722584
2023-10-24,ANET,47.29,47.8575,46.97625,47.6225,6438868
2023-10-25,ANET,47.955,48.1025,46.47,46.5225,7516660
2023-10-26,ANET,45,45.8925,42.0625,42.455,21616488
2023-10-27,ANET,42.8675,44.25,42.7175,44.0475,11157756
2023-10-30,ANET,44.1125,44.675,43.6475,43.93,14786732
2023-10-31,ANET,48.575,50.3625,46.92,50.0925,35794604
2023-11-01,ANET,50.7325,52.937473,50.0025,52.71,24259460
2023-11-02,ANET,53.065,53.565,52.1325,52.92,12801556
2023-11-03,ANET,53.105,53.415,52.397324,53.1225,8634472
2023-11-06,ANET,53.5,54.0725,52.56,53.2025,7943636
2023-11-07,ANET,53.16,54.0375,53.04375,53.15,7508024
2023-11-08,ANET,53.495,53.7475,52.3175,52.4,8654496
2023-11-09,ANET,52.4,53.33375,51.3925,52.91,8340440
2023-11-10,ANET,52.16,52.2475,50.7975,51.71,13695140
2023-11-13,ANET,51.8375,53.245,51.7075,52.57,7945740
2023-11-14,ANET,53.45,54.2225,53.2375,53.8,6964948
2023-11-15,ANET,54.25,54.58955,53.2725,53.435,7564576
2023-11-16,ANET,52.3725,53.71,52,53.325,7980700
2023-11-17,ANET,53.3975,54.0425,53.205,53.6575,4435288
2023-11-20,ANET,53.75,54.115,53.38,53.835,4399644
2023-11-21,ANET,53.1925,54.1325,53.0375,53.83,5851392
2023-11-22,ANET,54.1,55.3525,53.6525,54.4225,6958120
2023-11-24,ANET,54.225,54.6225,54,54.5975,3053080
2023-11-27,ANET,54.5675,55.3175,54.2625,54.6675,5656576
2023-11-28,ANET,54.525,55.12,54.145,54.3125,6282556
2023-11-29,ANET,55.0325,55.88,54.66625,54.825,6760464
2023-11-30,ANET,54.665,55.205,54.2575,54.9275,8793892
2023-12-01,ANET,54.7525,54.7525,53.815,54.16,6580152
2023-12-04,ANET,53.29,54.0975,52.6725,53.775,6966316
2023-12-05,ANET,53.4825,54.02625,53.2225,53.9275,4046904
2023-12-06,ANET,54.3525,54.765,53.28,53.35,8065096
2023-12-07,ANET,53.375,53.935,53.1175,53.8225,5946700
2023-12-08,ANET,54.1075,56.0575,54.1075,56.0075,8846940
2023-12-11,ANET,56,56.8849,55.66655,56.6425,8053976
2023-12-12,ANET,56.585,57.7596,56.34,57.465,7202560
2023-12-13,ANET,57.5,57.986626,57.105,57.3875,6439796
2023-12-14,ANET,57.63,58.6,56.8075,57.7575,9078760
2023-12-15,ANET,57.875,59.3025,57.875,58.9,11477276
2023-12-18,ANET,59.1325,60.0025,58.745,59.7025,7232208
2023-12-19,ANET,59.7775,59.84,59,59.175,8747512
2023-12-20,ANET,58.925,59.43,58.0075,58.29,6189724
2023-12-21,ANET,58.4675,59.1625,58.4675,58.835,7652052
2023-12-22,ANET,59.5725,59.99,59.045,59.565,4086484
2023-12-26,ANET,59.75,60.16875,58.7525,59.3825,5167008
2023-12-27,ANET,59.615,59.75,59.1575,59.4325,2425904
2023-12-28,ANET,59.39,59.4625,59.0875,59.2425,2869496
2023-12-29,ANET,59.3825,59.475,58.73,58.8775,3605540
2024-01-02,ANET,58.5,58.5625,57.0725,57.89,5636852
2024-01-03,ANET,57.36,58.2255,57.055,57.35,4807536
2024-01-04,ANET,57.3125,58.07625,56.65,57.64,5306676
2024-01-05,ANET,57.895,58.0075,57.4375,57.73,4916176
2024-01-08,ANET,58.75,61.4725,58.75,61.4625,8921400
2024-01-09,ANET,61.25,61.885,60.392223,61.3,5413268
2024-01-10,ANET,61.875,62.8125,61.519627,62.3075,6708760
2024-01-11,ANET,62.4875,63.0375,61.91925,62.935,5027380
2024-01-12,ANET,63,63.6825,62.81,63.0075,4929196
2024-01-16,ANET,63.11,64.3025,62.8375,63.315,7755848
2024-01-17,ANET,62.725,62.725,61.305,62.2475,5674040
2024-01-18,ANET,63.7475,64.655,63.044,64.39,7445440
2024-01-19,ANET,65.1525,66.25,64.99875,65.8775,7606972
2024-01-22,ANET,66.9175,67.6575,66.25002,66.65,5882572
2024-01-23,ANET,66.4275,66.49998,65.17,65.51,7107828
2024-01-24,ANET,65.8375,66.5325,65.36562,65.6175,9589572
2024-01-25,ANET,66.4375,67.505,65.75,66.105,6463156
2024-01-26,ANET,65.485,66.6575,65.44875,66.1,5437128
2024-01-29,ANET,66.2775,67.445,66.2775,67.395,7680244
2024-01-30,ANET,67.575,68.225,67.4,67.99,6817808
2024-01-31,ANET,66.1325,66.8725,64.3275,64.67,12233660
2024-02-01,ANET,65.5,65.9325,65.16,65.745,8947468
2024-02-02,ANET,68.66,69.247475,67.28002,68.275,13006804
2024-02-05,ANET,68.75,69.1,67.2575,68.2425,7920168
2024-02-06,ANET,68.245,68.3175,65.5325,66.2225,10040004
2024-02-07,ANET,66.52,67.53875,66.189476,66.7625,9433564
2024-02-08,ANET,67.5,69.72,67.25,68.9725,9785396
2024-02-09,ANET,70.5,71.205,69.6475,70.6125,12730316
2024-02-12,ANET,73.165,73.165,70.045,70.22,37805404
2024-02-13,ANET,64.4725,67.685,63.985,66.3775,28086228
2024-02-14,ANET,67.5,67.85,65.9525,66.4175,13368492
2024-02-15,ANET,66.555,66.93247,65.0825,66.625,10257532
2024-02-16,ANET,66.3325,67.0975,65.415,65.4375,9732968
2024-02-20,ANET,64.5175,65.1025,63.59775,64.9025,10870168
2024-02-21,ANET,64.2275,64.7,63.27,63.6225,10309328
2024-02-22,ANET,65.34,67.545,65.34,67.19,14540384
2024-02-23,ANET,67.3825,68.435974,66,66.915,7154436
2024-02-26,ANET,67.5,69.30375,67.15,68.435,9346156
2024-02-27,ANET,68.52,69.075,67.8,67.9775,5404344
2024-02-28,ANET,67.65,68.885,67.535,68.2925,4759612
2024-02-29,ANET,68.75,69.5425,68.565,69.385,9420816
2024-03-01,ANET,70.4,72.099976,70.25,71.935,10619484
2024-03-04,ANET,72,72.8225,71.623924,71.985,8012784
2024-03-05,ANET,71.0075,71.02,68.775,70.1175,9509908
2024-03-06,ANET,71.0775,71.695,70.125,71.125,7886144
2024-03-07,ANET,71.5,72.215,70.55,71.62,9354632
2024-03-08,ANET,71.62,71.8275,68.0675,68.2775,12940100
2024-03-11,ANET,67.33,67.945,65.9,67.755,8112532
2024-03-12,ANET,68.25,70.4875,67.6731,70.465,9380888
2024-03-13,ANET,69.9925,70.5625,69.2075,70.1775,12094800
2024-03-14,ANET,70.4025,71.4375,70.0425,71.005,12551440
2024-03-15,ANET,69.795,70.4525,69.02,69.4325,15279624
2024-03-18,ANET,70.6025,72.425,70.26132,72.33,15491592
2024-03-19,ANET,71,72.06,68.1525,71.73,21082884
2024-03-20,ANET,72.2575,74.19,71.4375,74.145,13208012
2024-03-21,ANET,74.75,76.4075,73.7525,76.15,11697124
2024-03-22,ANET,75.75,76.935,75.5,76.605,9522132
2024-03-25,ANET,75.6175,76.8425,75.115,76.375,8049976
2024-03-26,ANET,75.12,76.375,74.2975,74.4575,9850340
2024-03-27,ANET,74.06,74.33748,71.0175,72.1025,12813364
2024-03-28,ANET,71.9475,73.235,71.5025,72.495,7357636
2024-04-01,ANET,73.07,74.9475,72.8325,74.9375,6356688
2024-04-02,ANET,72.925,73.435,71.1225,72.7125,8902420
2024-04-03,ANET,72.78,75.3725,72.5,74.6975,7161584
2024-04-04,ANET,75.24,75.875,72.1425,72.1925,7510128
2024-04-05,ANET,72.755,74.5625,72.5,74.4,5810492
2024-04-08,ANET,74.2525,74.79375,73.33,74.345,5347076
2024-04-09,ANET,74.9975,74.9975,71.6325,73.6875,5250004
2024-04-10,ANET,72.5,73.645,71.82125,72.055,7642272
2024-04-11,ANET,72.6575,74.4175,72.3325,74.145,6054380
2024-04-12,ANET,70.0675,70.675,67.0825,67.805,23001912
2024-04-15,ANET,68.825,69.2175,65.475,65.8,16291532
2024-04-16,ANET,66,66.8,65.5,65.69,8905472
2024-04-17,ANET,65.7175,66.16,64.255,64.8175,10103912
2024-04-18,ANET,64.4125,65.015,63.1325,64.2975,7808288
2024-04-19,ANET,64.065,64.1924,61.3975,61.5225,11828700
2024-04-22,ANET,61.635,62.109974,60.08,61.3675,13648740
2024-04-23,ANET,61.5925,62.9275,61.0225,62.795,9192000
2024-04-24,ANET,64.1975,65.225,62.645,63.6925,10381488
2024-04-25,ANET,64.16,67.1775,62.855,66.19,14204944
2024-04-26,ANET,66.69,67.5625,66.075,66.175,10087620
2024-04-29,ANET,66.9325,67.855,65.255,65.9175,5807884
2024-04-30,ANET,65.49,66.4125,64.09,64.14,8160436
2024-05-01,ANET,63.635,65.3425,63.065,63.8025,9040804
2024-05-02,ANET,64.5675,65.515,63.425625,65.465,5591612
2024-05-03,ANET,67.975,69.5875,67.92525,68.6,11534604
2024-05-06,ANET,68.3475,69.94,68.275,69.705,8221452
2024-05-07,ANET,69.0275,69.4675,67.9675,68.4975,16250952
2024-05-08,ANET,70.7875,74.25,69.0825,72.9175,30594332
2024-05-09,ANET,73.0175,74.115,72.34753,74.0175,10370364
2024-05-10,ANET,74.8825,79.055,74.75,78.5075,22072264
2024-05-13,ANET,78.0175,78.645,76.63,77.4675,11009208
2024-05-14,ANET,77.2725,78.4975,76.75,78.415,7515544
2024-05-15,ANET,78.75,81.57,78.6725,81.5075,10414668
2024-05-16,ANET,81.75,82.25883,80.0075,80.0225,7828460
2024-05-17,ANET,81.0425,81.51375,79.4575,79.9725,7009004
2024-05-20,ANET,80.12,81.0025,79.755,79.8475,5550664
2024-05-21,ANET,78.845,79.605,77.9175,79.2475,7181976
2024-05-22,ANET,80.0125,80.31,79.1,79.125,6665832
2024-05-23,ANET,76.34,76.5175,72.3525,75.355,26610760
2024-05-24,ANET,76.1075,77.1875,75.35125,76.6375,8545824
2024-05-28,ANET,78,78.207,76.4025,76.8725,7165840
2024-05-29,ANET,76.625,77.5725,76.33125,77.0775,9458036
2024-05-30,ANET,76.75,77.2475,75.11625,75.915,6483984
2024-05-31,ANET,75.7725,76.0275,72.995,74.4125,13949820
2024-06-03,ANET,75.1,75.31,72.5775,74.0975,8906308
2024-06-04,ANET,73.6375,74.75,72.79,73.295,6860404
2024-06-05,ANET,74.6675,75.475,73.99,74.39,6903736
2024-06-06,ANET,73.75,74.51625,73.38,74.1425,6394632
2024-06-07,ANET,74.2,75.347626,73.7925,74.1975,5878052
2024-06-10,ANET,73.65,74.66975,72.8049,74.395,7366784
2024-06-11,ANET,74.5825,76.285,73.8025,76.1925,7977712
2024-06-12,ANET,76.7925,78.1025,75.65997,77.8325,8806988
2024-06-13,ANET,80,82.9375,79.795,82.9175,15586424
2024-06-14,ANET,82.75,82.86,81.3275,82.125,8591836
2024-06-17,ANET,83.17,85.468376,81.515,85.02,13177360
2024-06-18,ANET,85,86.0325,84.43,85.085,11567876
2024-06-20,ANET,85.995,86.4725,84.2075,85.0475,13982340
2024-06-21,ANET,84.62,84.6375,81.75,84.34,16391656
2024-06-24,ANET,83.6625,83.9125,81.7575,82.3025,9646324
2024-06-25,ANET,82.835,83.9225,82.2525,83.6325,7642064
2024-06-26,ANET,83.6325,84.3225,83.005,83.675,6970364
2024-06-27,ANET,84.5,87.745,84.4975,86.9825,9985700
2024-06-28,ANET,87,88.805,87,87.62,11519044
2024-07-01,ANET,88.6775,89.3925,86.1875,89.175,6548416
2024-07-02,ANET,89.3375,90.82,88.73125,89.2525,6315108
2024-07-03,ANET,89.5,91.355,89.1225,91.355,4840768
2024-07-05,ANET,91.62,91.8125,90.2725,91.535,5431408
2024-07-08,ANET,91.5375,93.495,91.5175,92.7675,6250444
2024-07-09,ANET,92.9825,94.125,91.41,91.4375,8008156
2024-07-10,ANET,91.74,92.045,88.9675,90.9375,9181988
2024-07-11,ANET,91.0225,91.25,88.84,89.8975,7805656
2024-07-12,ANET,89.5325,91.6,89.3225,90.475,5007612
2024-07-15,ANET,91.2675,91.775,89.7225,90.105,4856796
2024-07-16,ANET,90.4525,90.91702,89.07,89.5575,6463152
2024-07-17,ANET,87.6775,88.125,83.98,84.17,12541476
2024-07-18,ANET,84.665,84.99,81.6725,83.1575,9872936
2024-07-19,ANET,83.16,84.06875,82.5075,82.64,5417400
2024-07-22,ANET,83.915,85.875,83.6,85.56,8183352
2024-07-23,ANET,85.5575,87.22,85.05,86.6625,4879912
2024-07-24,ANET,85.2125,86.15,81.02625,81.4675,10583276
2024-07-25,ANET,81.75,81.7525,77.225,78.53,17858288
2024-07-26,ANET,79.61,80.705,79.295,79.8025,9407736
2024-07-29,ANET,80.275,82.0025,79.9925,80.1375,11292612
2024-07-30,ANET,80.4125,81.169975,76.78,77.855,17064792
2024-07-31,ANET,84.5,87.425,82.75,86.6375,22240072
2024-08-01,ANET,87.625,91.0375,83.035,84.66,17044568
2024-08-02,ANET,80,81.25,77.85,79.835,10799420
2024-08-05,ANET,75,79.415,72.98845,78.7325,10569100
2024-08-06,ANET,80.0375,82.2975,78.2675,80.885,6599796
2024-08-07,ANET,82.8425,84.0175,78.9275,79.3325,8118120
2024-08-08,ANET,81.0975,83.675,79.9911,83.625,5698616
2024-08-09,ANET,83,85.1225,83,83.9525,6379276
2024-08-12,ANET,84.25,85.78,83.845,84.5825,3670496
2024-08-13,ANET,84.855,86.66,84.855,86.5475,5592728
2024-08-14,ANET,87.15,88.4725,86.3025,87.1625,6732304
2024-08-15,ANET,88.75,89.67,88.337776,89.15,5163700
2024-08-16,ANET,88.7125,89.24998,88.05,88.4725,5050764
2024-08-19,ANET,88,88.2925,85.69,88.015,5575884
2024-08-20,ANET,88.4,89.5,88.0275,88.4475,4335064
2024-08-21,ANET,87.9075,89.2625,87.7675,88.9725,4780376
2024-08-22,ANET,88.9975,89.6,87.8675,88.0425,4441464
2024-08-23,ANET,88.75,89.56,87.5716,88.7825,3903756
2024-08-26,ANET,89.325,89.5,85.5525,86.1725,5517380
2024-08-27,ANET,85.3375,87.02,84.45025,86.405,4693832
2024-08-28,ANET,86.355,87,84.17,85.29,4413960
2024-08-29,ANET,85.155,88.4675,85.09,86.6475,6900548
2024-08-30,ANET,87.75,88.4175,86.25,88.345,6195008
2024-09-03,ANET,87.7725,88.25,81.15,81.68,10127668
2024-09-04,ANET,81,82.6225,80.397224,81.5125,5460116
2024-09-05,ANET,80.33,82.5375,80.025,82.11,6453352
2024-09-06,ANET,80.7625,82.02747,78.255,78.5775,8753272
2024-09-09,ANET,79.98,81.445,79.745,81.1925,5156660
2024-09-10,ANET,81.25,82.2925,80.5675,81.6875,4599152
2024-09-11,ANET,81.8725,86.005,81.04625,85.7325,9778020
2024-09-12,ANET,85.7,89.44,84.9375,88.84,7058228
2024-09-13,ANET,89.9875,91.007126,89.2625,89.94,5909516
2024-09-16,ANET,88.7825,90.03,87.8675,89.79,3432656
2024-09-17,ANET,91.25,92.035,90.125,90.2375,4205528
2024-09-18,ANET,90.515,92.04,89.3625,90.4275,4146916
2024-09-19,ANET,93.195,95.135,92.855,94.83,7828468
2024-09-20,ANET,94.37,96.375,94.26688,96.115,10937900
2024-09-23,ANET,96.9525,97.5,95.645,96.3925,5226888
2024-09-24,ANET,97.0725,97.0725,94.85,96.2675,6010668
2024-09-25,ANET,96.1825,97.4525,95.9925,97.0525,4564344
2024-09-26,ANET,98.425,98.955,95.53503,96.575,5248700
2024-09-27,ANET,96.3725,96.56125,94.0875,95.065,7616812
2024-09-30,ANET,94.505,96.09375,94.125,95.955,4462008
2024-10-01,ANET,97.0925,97.7075,94.61503,95.4625,4213128
2024-10-02,ANET,95.3625,97.605,94.82875,97.405,4405784
2024-10-03,ANET,97.1875,98.955,96.8975,97.5275,4528792
2024-10-04,ANET,99,99.2,97.0825,98.9925,4259824
2024-10-07,ANET,98.5,99.87,97.5575,98.135,4865328
2024-10-08,ANET,99.565,100.5,98.625,100.055,6247688
2024-10-09,ANET,99.675,102.29875,99.03,101.7325,7662992
2024-10-10,ANET,100.89,102.677475,100.6475,102.44,5674644
2024-10-11,ANET,102.6,104.4275,102.4875,104.2325,6737252
2024-10-14,ANET,104.7925,105.6825,103.335,103.3675,4991580
2024-10-15,ANET,103.5,103.65,95.5775,98.0775,16107636
2024-10-16,ANET,98.795,101.5875,98.705,101.52,6859176
2024-10-17,ANET,103,104,101.83,101.8475,5275108
2024-10-18,ANET,102.09,102.09,99.8925,100.5,6158140
2024-10-21,ANET,100.81,102.067474,100.38,101.5025,6289632
2024-10-22,ANET,99.5025,100.5731,98.28,99.14,9460044
2024-10-23,ANET,98.835,100.34747,97.875,98.51,4681220
2024-10-24,ANET,99.1275,99.595,98.575,98.925,4453152
2024-10-25,ANET,99.975,100.1925,98.35025,98.5225,4674196
2024-10-28,ANET,99.965,100.125,97.695,98.095,4126892
2024-10-29,ANET,98.32,101.0675,98.25625,100.3925,4650228
2024-10-30,ANET,100.11,100.3175,98.4775,99,4227084
2024-10-31,ANET,97.6175,97.7175,95.47,96.61,9373860
2024-11-01,ANET,96.8325,99.225,96.17,98.5425,5255604
2024-11-04,ANET,99.51,100.1475,98.285,98.72,4616368
2024-11-05,ANET,99.39,101.34,99.235,101.28,4590584
2024-11-06,ANET,104.995,106.0025,103.2925,105.78,7345784
2024-11-07,ANET,106.755,107.9925,106.1575,107.755,13025388
2024-11-08,ANET,101.615,104.4825,99.375,100.1125,25313436
2024-11-11,ANET,101.33,102.07,97.555,99.3275,11624712
2024-11-12,ANET,99.775,100.4875,98.43,98.8875,12885704
2024-11-13,ANET,99.31,100.9425,98.0425,98.79,12063556
2024-11-14,ANET,98.25,98.8375,96.1225,96.4875,11496688
2024-11-15,ANET,95.9725,95.9725,93.06,93.5975,12047352
2024-11-18,ANET,94.975,94.975,92.315,92.6175,10459580
2024-11-19,ANET,92.675,95.064224,92.1,94.425,12958652
2024-11-20,ANET,95,95.66,93.75,95.4275,7866200
2024-11-21,ANET,98,101.335,97.7575,101.2425,13185648
2024-11-22,ANET,101.25,101.95,99.93125,101.62,7649640
2024-11-25,ANET,102.545,103.1875,98.88,99.93,9612096
2024-11-26,ANET,100.87,103.475,100.62,102.0825,8479344
2024-11-27,ANET,101.6275,101.7325,98.545,100.5725,6823472
2024-11-29,ANET,101.7475,102.245,100.9525,101.455,5131572
2024-12-02,ANET,101.4575,104.185,101.455,102.525,5329492
2024-12-03,ANET,101.985,104.05,101.6,103.615,7181364
2024-12-04,ANET,106.01,108.9661,104.01,105.43,5845893
2024-12-05,ANET,103.41,108.14,102.44,106.83,6967016
2024-12-06,ANET,106.83,110.74,105.1,108.25,10017851
2024-12-09,ANET,108.5,109,103.66,105.92,6800690
2024-12-10,ANET,105.92,107.74,104.19,104.78,4595220
2024-12-11,ANET,105.43,108.2,104.7359,107.23,4790464
2024-12-12,ANET,106.2,108.15,105.48,106.88,4411849
2024-12-13,ANET,111.37,112.77,109.88,112.37,9338574
2024-12-16,ANET,113.38,116.94,113.19,116.53,10455676
2024-12-17,ANET,114.99,115.43,112.0201,112.95,7868435
2024-12-18,ANET,113.28,114.4,107.68,108.07,6427264
2024-12-19,ANET,110.31,112.12,108.13,109.07,6365139
2024-12-20,ANET,107.82,114.4,107,112.81,10434447
2024-12-23,ANET,112.81,113.69,111.51,113.09,3854287
2024-12-24,ANET,113,114.77,112.85,114.65,2044594
2024-12-26,ANET,114,115.07,113.66,114.86,3084355
2024-12-27,ANET,113.67,114.1,111.65,113.03,3178094
2024-12-30,ANET,110.69,112.11,109.57,111.45,3527767
2024-12-31,ANET,111.45,111.84,109.88,110.53,3422160
2025-01-02,ANET,111.32,114.15,109.8,111.79,4691332
2025-01-03,ANET,112.48,115.48,112.2,115.2,5052365
2025-01-06,ANET,117.7,119.53,117.17,118.98,10098235
2025-01-07,ANET,119.69,120.28,114.62,115.29,6768720
2025-01-08,ANET,115.15,116.27,113.45,115.51,5374336
2025-01-10,ANET,115.25,116.08,112.65,114.34,5374869
2025-01-13,ANET,110.11,113.06,109.0924,112.64,5380339
2025-01-14,ANET,114.61,115.2,112.78,114.91,6419499
2025-01-15,ANET,116.47,117.25,115.07,116.1,7187896
2025-01-16,ANET,117.32,119.89,116.38,118.13,6224666
2025-01-17,ANET,119.9,120.98,118.69,119.95,5812909
2025-01-21,ANET,121.56,121.92,119.5001,121.5,6366606
2025-01-22,ANET,126.18,131.1793,125.2,129.82,9751404
2025-01-23,ANET,128.34,129.26,126.72,129.12,5866770
2025-01-24,ANET,133.31,133.575,128.4,129.17,7969105
2025-01-27,ANET,109.62,112.27,97.6801,100.3,33282632
2025-01-28,ANET,105.02,106.7,99.68,106.54,20683568
2025-01-29,ANET,107.38,110.45,106.62,107.84,13131733
2025-01-30,ANET,114.77,116.99,112.35,113.86,12583827
2025-01-31,ANET,115.4,118.34,113.3114,115.23,10358850
2025-02-03,ANET,109.67,113.7,108.8,111.5,10210908
2025-02-04,ANET,113,113.1,109.04,112.32,6112775
2025-02-05,ANET,114.725,115.89,112.93,115.49,6427395
2025-02-06,ANET,116.88,117.22,113.97,115.27,5434054
2025-02-07,ANET,116.85,120.32,116.51,118.47,8744112
2025-02-10,ANET,120,121.01,118.673,120.23,5122541
2025-02-11,ANET,117.9,119.29,115.67,116.84,5748759
2025-02-12,ANET,111.84,114.04,108.9,109.64,13595125
2025-02-13,ANET,109.72,111.47,108.65,109.75,9614201
2025-02-14,ANET,109.05,109.05,106.32,106.87,12230818
2025-02-18,ANET,109.1,112.12,108.25,111.06,20867664
2025-02-19,ANET,104.5,105.87,101.62,103.92,24011874
2025-02-20,ANET,104.7,104.91,99.82,103.4,11659622
2025-02-21,ANET,104.18,104.6,98.17,98.3,13999618
2025-02-24,ANET,94.05,98.1074,91.65,92.69,23489766
2025-02-25,ANET,90.06,93.6,89.35,92.88,17287300
2025-02-26,ANET,95.755,97.74,94.5301,96.38,11272304
2025-02-27,ANET,97.93,98.09,91.39,91.57,11569971
2025-02-28,ANET,90.97,93.18,90.35,93.05,12439433
2025-03-03,ANET,93.07,93.07,84.85,86.01,14681157
2025-03-04,ANET,82.72,86.95,81.45,85.52,17937708
2025-03-05,ANET,87.19,88.39,85.37,87.82,10270949
2025-03-06,ANET,83.64,86.53,83.3,84.34,9461944
2025-03-07,ANET,85.81,86.43,80.21,83.36,12894424
2025-03-10,ANET,80,80.58,76,77.56,15811707
2025-03-11,ANET,77.81,81.14,76.71,79.13,11291147
2025-03-12,ANET,82.44,83,79.34,80.25,11498040
2025-03-13,ANET,79.65,80.76,78.47,80.14,6973758
2025-03-14,ANET,82,84.25,81.8,83.51,8580088
2025-03-17,ANET,83.88,85.74,83.77,85.09,6639566
2025-03-18,ANET,83.51,84.84,83.23,83.99,9528689
2025-03-19,ANET,84.43,85,82.35,84.42,10323034
2025-03-20,ANET,83.14,84.58,82.81,82.97,7534437
2025-03-21,ANET,81.64,83.84,80.75,83.13,10786487
2025-03-24,ANET,85.67,87.64,85.31,87.51,10403087
2025-03-25,ANET,87.51,88.3685,86.66,86.94,7780229
2025-03-26,ANET,85.74,86.035,80.01,81.66,14170348
2025-03-27,ANET,80.25,81.05,78,78.96,12678587
2025-03-28,ANET,79.44,80.23,77.07,77.94,9783815
2025-03-31,ANET,75.22,77.6799,74.53,77.48,10768101
2025-04-01,ANET,77.15,78.55,75.9074,78.49,6956371
2025-04-02,ANET,75.725,81.21,75.5,80.16,7163660
2025-04-03,ANET,73.22,75.55,71.14,71.27,19579728
2025-04-04,ANET,67.52,68.8,62.42,64.37,21792430
2025-04-07,ANET,59.8,70.69,59.43,68.17,20012612
2025-04-08,ANET,72.64,74.46,67.785,69.5,21129668
2025-04-09,ANET,68.91,77.65,68.59,76,22451430
2025-04-10,ANET,74,74.5,69.89,72.65,12227017
2025-04-11,ANET,72.99,73.8,70.62,72.67,11227339
2025-04-14,ANET,76.5,76.78,73.18,73.59,10648363
2025-04-15,ANET,73.17,74.01,72.41,73.2,9119544
2025-04-16,ANET,69.125,73.1342,69.125,71.87,8003052
2025-04-17,ANET,72.51,72.51,70.41,71.2,8567075
2025-04-21,ANET,68.68,69.3,66.59,67.67,9472762
2025-04-22,ANET,67.67,69.26,67.16,68.67,8795177
2025-04-23,ANET,73.21,73.64,70.36,70.76,11589108
2025-04-24,ANET,71.56,75.98,71.56,75.29,11771953
2025-04-25,ANET,76.41,79,76.0101,77.91,12462739
2025-04-28,ANET,76.95,79.25,76.88,78.31,7531848
2025-04-29,ANET,79.405,81.11,78.85,80.73,11766711
2025-04-30,ANET,78.07,82.555,77.7201,82.27,12433023
2025-05-01,ANET,87.77,89.34,86.37,87.84,16458022
2025-05-02,ANET,89.1,92.02,89.09,91.02,11102159
2025-05-05,ANET,89.7,91.57,89.44,90.38,7358585
2025-05-06,ANET,87.42,92.12,87.04,90.77,14475277
2025-05-07,ANET,85.88,87.38,82.8,86.45,17850772
2025-05-08,ANET,87.52,88.69,86.62,87.27,9722065
2025-05-09,ANET,88.1,88.49,85.37,86.52,8270886
2025-05-12,ANET,92.71,92.87,90.36,92.32,9793636
2025-05-13,ANET,92.53,97.85,92.26,97.25,12100753
2025-05-14,ANET,99.15,99.47,96.4212,98.22,11725411
2025-05-15,ANET,95.34,96.42,94.54,96.07,8292120
2025-05-16,ANET,96.62,96.78,95.36,96.42,5900043
2025-05-19,ANET,94.43,96.9,93.6141,96.7,6161695
2025-05-20,ANET,95.58,95.97,94.68,95.67,5882777
2025-05-21,ANET,92.77,95.41,92.195,92.43,8339530
2025-05-22,ANET,92.43,93.44,91.4,92.56,5523389
2025-05-23,ANET,90,91.63,89.54,91.2,7452452
2025-05-27,ANET,92.9,93.1124,91.89,92.49,7884057
2025-05-28,ANET,93.09,93.545,92.325,92.79,5570937
2025-05-29,ANET,90.7,90.7,86.26,86.37,17927416
2025-05-30,ANET,85.94,86.7,83.858,86.64,16492775
2025-06-02,ANET,86.31,89.82,86.275,89.78,9415030
2025-06-03,ANET,90.46,94.91,90.02,94.5,12112679
2025-06-04,ANET,94.77,96.3597,94.67,94.94,9528017
2025-06-05,ANET,95.65,96.555,94.29,95.18,7953288
2025-06-06,ANET,96.11,97.63,95.26,97.25,6622759
2025-06-09,ANET,97.98,98.825,96.77,96.8,8000699
2025-06-10,ANET,97,97.4712,92.25,93.7,8785670
2025-06-11,ANET,92.725,94.38,91.25,94.21,9307527
2025-06-12,ANET,94.3,97.43,94.2201,95.77,8765676
2025-06-13,ANET,94.5,94.94,92.12,92.35,6217252
2025-06-16,ANET,92.7,95.34,92.525,95.09,7734746
2025-06-17,ANET,94.3,94.6984,89.54,89.68,11797593
2025-06-18,ANET,89.88,91.4738,89,90.24,9164141
2025-06-20,ANET,90.84,91.2299,85.775,86.25,18552840
2025-06-23,ANET,86.44,92.38,85.58,91.95,16233991
2025-06-24,ANET,94.65,95.12,92.7,94.97,11279786
2025-06-25,ANET,95.64,96.66,94.5,96.31,7883485
2025-06-26,ANET,97.33,102.12,97.33,101.59,15262429
2025-06-27,ANET,101.65,102.25,98.88,99.39,10396072
2025-06-30,ANET,102,103.1319,101,102.31,12519465
2025-07-01,ANET,102.31,102.72,97.3501,98.91,8685478
2025-07-02,ANET,98.12,101.21,97.14,101.13,8326306
2025-07-03,ANET,101.33,103.5,101.3,102.52,5296699
2025-07-07,ANET,101.8,102.21,100.33,101.47,6245050
2025-07-08,ANET,103.04,103.6698,100.945,103.39,7297034
2025-07-09,ANET,103.85,107.32,103.6366,106.28,14511717
2025-07-10,ANET,106.1,106.55,102.6776,106.29,9378567
2025-07-11,ANET,106.23,109.45,105.68,108.57,12954506
2025-07-14,ANET,108.225,109.89,106.25,108.37,8871046
2025-07-15,ANET,108.5,109.2,106.3501,107.37,7456394
2025-07-16,ANET,107.35,108.57,104.681,108.3,6383987
2025-07-17,ANET,108.22,112.55,108.22,111.98,8587107
2025-07-18,ANET,112.61,112.69,110.88,111.78,6007551
2025-07-21,ANET,111.75,113.04,110.62,111.61,6686762
2025-07-22,ANET,111.61,111.61,106.987,109.78,7779747
2025-07-23,ANET,111.13,113.39,111,113.04,7428892
2025-07-24,ANET,114,114.6,112.8,114.04,5370206
2025-07-25,ANET,113.75,115.1,113.5541,114.28,4868105
2025-07-28,ANET,115,117.87,114.83,117.55,9431499
2025-07-29,ANET,118,119.86,117.31,118.62,9916665
2025-07-30,ANET,119.625,123.1,119.6,122.09,9861663
2025-07-31,ANET,124.54,125.81,121.3461,123.22,16040899
2025-08-01,ANET,117.83,118.775,115.41,117.57,11560575
2025-08-04,ANET,117.57,120.69,117.55,120.35,9524055
2025-08-05,ANET,121.5,121.5,116.66,118.12,14691124
2025-08-06,ANET,133.79,139.53,133.565,138.78,25997080
2025-08-07,ANET,139.08,141.01,135.54,139.28,11165778
2025-08-08,ANET,139.6,140.55,136.93,139.18,9767673
2025-08-11,ANET,137.75,141.745,137.0135,137.65,7837948
2025-08-12,ANET,138.545,141.45,138.2,141.25,7460900
2025-08-13,ANET,141.27,141.99,136.01,138.01,9178094
2025-08-14,ANET,136.63,137.67,132.45,136.48,7285521
2025-08-15,ANET,136.34,138.545,134.83,137.3,6056304
2025-08-18,ANET,136.42,138.165,134.76,138.04,5098228
2025-08-19,ANET,137,137.62,131.91,132.78,9630349
2025-08-20,ANET,131.3,132.119,127.58,131.47,9449827
2025-08-21,ANET,130.67,132.16,129.33,132.03,5873702
2025-08-22,ANET,130.7,135,129.36,133.25,7362082
2025-08-25,ANET,133.58,133.77,130.33,133.04,5341214
2025-08-26,ANET,132.79,134.9402,132.21,134.27,7242096
2025-08-27,ANET,134.24,134.96,132.688,133.27,6271568
2025-08-28,ANET,131.5,136.835,130.35,136.23,8372464
2025-08-29,ANET,135.51,137.671,134.48,136.55,7959576
2025-09-02,ANET,132.41,136.605,131,135.87,7415192
2025-09-03,ANET,135.68,137.91,134.8574,137.38,6840090
2025-09-04,ANET,138.93,142.5,138.73,141.17,8365002
2025-09-05,ANET,144.13,145.46,140.25,142.85,9567530
2025-09-08,ANET,143.8,144.1,139.84,140.01,7925545
2025-09-09,ANET,140.97,142.8814,139.51,141.91,6158540
2025-09-10,ANET,145.56,151.71,144.9,150.72,19772546
2025-09-11,ANET,151.99,156.32,150.36,153.04,13666202
2025-09-12,ANET,149.18,149.47,139.02,139.39,17920366
2025-09-15,ANET,139.6,146.9,139.17,145.43,12140824
2025-09-16,ANET,145.26,147.37,141,142.16,9382392
2025-09-17,ANET,142.635,143.425,138.5,142.84,8295409
2025-09-18,ANET,144,146.7199,143.425,146.66,6938977
2025-09-19,ANET,148.9,150.25,146.67,149.61,17810916
2025-09-22,ANET,148.78,149.71,145.055,145.4,8675204
2025-09-23,ANET,144.86,147.46,143.02,144.09,8215500
2025-09-24,ANET,144.68,144.68,141.29,142.64,7035668
2025-09-25,ANET,141.69,143.24,139.23,143.06,6325288
2025-09-26,ANET,144.09,144.4,140.76,142.5,4867696
2025-09-29,ANET,144.92,147.8,142.62,143.37,6183567
2025-09-30,ANET,143.43,145.84,143.16,145.71,5828944
2025-10-01,ANET,144.65,149.95,143.02,149.27,7820686
2025-10-02,ANET,150,150.54,141.25,144.46,9473784
2025-10-03,ANET,146.01,149.09,144.1,145.5,7178623
2025-10-06,ANET,151.6,153.73,149.5,149.5,7277578
2025-10-07,ANET,150.48,151.55,143.28,145.29,7348652
2025-10-08,ANET,147.99,158.51,147.405,157.36,11283444
2025-10-09,ANET,157,159.8,154.6014,158.23,8459919
2025-10-10,ANET,159.86,162.68,153.74,154.1,10459279
2025-10-13,ANET,160.76,162,145.09,147.45,14233870
2025-10-14,ANET,142.985,143.02,136.7901,138.79,13672418
2025-10-15,ANET,140.42,145.39,140.11,143.38,8686963
2025-10-16,ANET,144.9,147.65,143.8601,146.01,6909486
2025-10-17,ANET,143.01,144.5,139.24,143.1,6533933
2025-10-20,ANET,146.325,149.88,146.19,146.48,6120657
2025-10-21,ANET,145.45,147.61,144.14,145.94,3648908
2025-10-22,ANET,145.865,147.49,141.68,146.59,7349169
2025-10-23,ANET,146.78,153.95,146.64,152.76,7327398
2025-10-24,ANET,155,155.83,152.2972,153.82,5170784
2025-10-27,ANET,157.41,157.7,155.01,156.81,5509109
2025-10-28,ANET,156.62,158.66,152.33,156.77,5037350
2025-10-29,ANET,157.21,162.4,156.78,162.03,6901369
2025-10-30,ANET,162.47,164.94,158.4,158.44,6911343
2025-10-31,ANET,161.09,162.115,155.74,157.69,6209297
2025-11-03,ANET,160.5,160.9,155.42,157.59,6422607
2025-11-04,ANET,152.86,157.025,150.99,153.55,9026397
2025-11-05,ANET,142.67,148,140.02,140.42,15900960
2025-11-06,ANET,140.65,141.99,132.59,134.02,13296139
2025-11-07,ANET,134.41,136.61,132.4501,134.65,11341604
2025-11-10,ANET,137.5,138.98,134.5865,137.26,6974297
2025-11-11,ANET,134.87,136.375,132.41,134.93,7189345
2025-11-12,ANET,136.22,136.598,133.778,134.98,6471447
2025-11-13,ANET,134.43,135.58,129.17,130.3,10471425
2025-11-14,ANET,127.06,135.3699,125.36,131.37,10672453
2025-11-17,ANET,131.35,133.32,125.4,127.26,12455892
2025-11-18,ANET,125.75,127.55,122.08,123.45,12561120
2025-11-19,ANET,123.05,126.57,122.9,124.81,7703516
2025-11-20,ANET,129.89,131.79,118.9,119.59,12641994
2025-11-21,ANET,118.42,120.005,114.52,117.43,16704107
2025-11-24,ANET,118.915,122.42,118.2,122.17,12758635
2025-11-25,ANET,122.4,125.91,122.32,125.04,7143360
2025-11-26,ANET,127.475,128.475,125.2463,127.65,5995026
2025-11-28,ANET,130,131.405,128.115,130.68,3895045
2025-12-01,ANET,128.98,129.5043,126.14,128.11,4690555
2025-12-02,ANET,129.75,131.04,126.27,127.22,5619048
2025-12-03,ANET,126.16,128.5,123.75,127.8,5286336
2025-12-04,ANET,127.08,130.78,126.74,128.55,4516443
2025-12-05,ANET,128.5,129.6599,126.84,128.59,5166270
2025-12-08,ANET,129.73,133.57,128.21,129.11,7813823
2025-12-09,ANET,128.7,130.8,127.32,130.04,5227945
2025-12-10,ANET,131.05,134.4399,130.25,132.36,5921279
2025-12-11,ANET,135.53,136.4,128.95,134.39,6679540
2025-12-12,ANET,132.48,134.05,124.3001,124.76,8508725
2025-12-15,ANET,125.5,127.36,123.61,125.89,6441923
2025-12-16,ANET,126.14,127.84,124.2,126.13,6656063
2025-12-17,ANET,125.94,126.83,121.6301,122.36,8589158
2025-12-18,ANET,125,127.16,123.88,124.62,5515199
2025-12-19,ANET,125.01,132.52,125.01,131.12,12713081
2025-12-22,ANET,133.43,134,130.22,130.73,5547260
2025-12-23,ANET,129.32,131.72,129.25,131.32,2884256
2025-12-24,ANET,131.13,131.5,130.1101,130.77,1642423
2025-12-26,ANET,131,132.125,130.45,131.84,2308396
2025-12-29,ANET,131.15,135.299,131.0401,134.15,6199667
2025-12-30,ANET,134.25,134.45,132.37,132.44,4081053
2025-12-31,ANET,132.5,132.8299,130.88,131.03,3821621
2026-01-02,ANET,134.05,136.09,132.185,133.6,4707434
2026-01-05,ANET,138.34,141.41,134.51,137.19,9691914
2026-01-06,ANET,137.9,137.93,132.5,132.58,8003950
2026-01-07,ANET,130.01,131.655,128.64,130.08,7550659
2026-01-08,ANET,129.37,129.6,122.81,123.72,8944152
2026-01-09,ANET,124.57,124.83,121.9,122.89,8989651
2026-01-12,ANET,121.6,124.455,120,123.42,8795880
2026-01-13,ANET,123.7,130.69,123.05,129.93,8638925
2026-01-14,ANET,128.76,129.76,123.34,125.09,7414638
2026-01-15,ANET,127.59,133.34,127.37,130.59,8562273
2026-01-16,ANET,132.18,132.94,129.33,129.83,5987027
2026-01-20,ANET,126.49,130.38,125.78,127.52,6371343
2026-01-21,ANET,127.86,129.55,125.0401,127.29,5931043
2026-01-22,ANET,139.84,146.4,137.42,138.41,14906705
2026-01-23,ANET,138.37,138.9,134.86,136.34,8053924
2026-01-26,ANET,139.32,146.405,139.24,143.72,10658189
2026-01-27,ANET,144.86,149.27,143.8,146.69,8696951
2026-01-28,ANET,150.35,151.8,145.57,150.15,8568182
2026-01-29,ANET,150.15,151.55,145.33,148.15,8915281
2026-01-30,ANET,145.85,148.06,141.44,141.74,6364003
2026-02-02,ANET,141.32,143.11,138.22,138.37,7719198
2026-02-03,ANET,140.715,143.272,135.33,139.39,8202277
2026-02-04,ANET,138,139.3699,129.24,130.28,13313778
2026-02-05,ANET,127.73,130.31,125.34,128.67,9640539
2026-02-06,ANET,131.4,137.61,130.32,137.49,8986820
2026-02-09,ANET,138.28,142.27,136.055,141.74,6801389
2026-02-10,ANET,144.325,145.035,141.8,143.45,6138123
2026-02-11,ANET,145.11,145.24,138.22,140.66,6942379
2026-02-12,ANET,138,138.5,132.01,135.12,16322113
2026-02-13,ANET,145.82,148.77,138,141.59,21822984
2026-02-17,ANET,140.64,145,140,142.58,8724172
2026-02-18,ANET,140.46,142.5,136.69,139.54,9955678
2026-02-19,ANET,138.61,140.32,135.37,137.23,5260619
2026-02-20,ANET,136.02,138.33,132.15,132.79,8308963
2026-02-23,ANET,131.225,131.635,126.26,127.43,9706757
2026-02-24,ANET,130.25,130.73,124.38,128.77,8120020.5
2026-02-25,ANET,129.37,133.78,128.64,132.89,7611583.5
2026-02-26,ANET,132,132.2199,126.92,130.25,6360701
2026-02-27,ANET,127.52,133.58,127.5,133.5,9043346
2026-03-02,ANET,129.65,130.69,127.26,129.3,6874981.5
2026-03-03,ANET,125.33,126.83,122.37,124.6,6119674.5
2026-03-04,ANET,127.87,135.56,127.4,134.83,6897724.5
2026-03-05,ANET,135.115,139.48,134,139.4,8393018
2026-03-06,ANET,136.39,139.0581,132.73,132.89,6281963.5
2026-03-09,ANET,130.405,137.675,129.79,137.17,6715158
2026-03-10,ANET,138,141.77,137.89,139.62,5435820.5
2026-03-11,ANET,139.16,141.14,137.6536,138.23,4171895.2
2026-03-12,ANET,137.74,137.78,133.69,134.03,5494209
2026-03-13,ANET,134.82,137.595,130.51,133.57,5364822
2026-03-16,ANET,133.87,136.28,131.91,135.35,7884155
2026-03-17,ANET,135.01,136.7,132.31,133.07,5958965.5
2026-03-18,ANET,133.5,137.56,133.5,136.07,5264126.5
2026-03-19,ANET,133.74,136.57,132.35,136.26,4418866
2026-03-20,ANET,134,135.3,128.9,131.22,11351555
2026-03-23,ANET,133.48,138.21,132.2,135.88,6402155
2026-03-24,ANET,134.21,135.7,129.19,130.8,7858850.5
2026-03-25,ANET,133.21,135.08,131.15,135.01,5353268
2026-03-26,ANET,131.79,132.5,122.51,122.55,7553542.5
2026-03-27,ANET,121.34,123.72,120.3417,120.77,5940233
2026-03-30,ANET,122.01,123.34,115.42,116.13,7540490
2026-03-31,ANET,118.62,123.46,117.42,122.78,7837660.5
2026-04-01,ANET,126.06,127.25,124.66,124.85,5037709.5
2026-04-02,ANET,121.1,127.2,119.7907,126.68,5125074
2026-04-06,ANET,127.32,128.165,125.165,126.25,3033084.2
2026-04-07,ANET,127.85,133.7,127.55,133.64,5758018
2026-04-08,ANET,143,146.16,141.12,145.07,12136784
2026-04-09,ANET,145.11,146.19,141.11,146.05,7266114.5
2026-04-10,ANET,147.54,149.34,145.4,147.35,7054131
2026-04-13,ANET,146.73,152.14,144.7959,152.02,7217926.5
2026-04-14,ANET,153.99,155.41,150.9861,154.37,7114015.5
2026-04-15,ANET,154.82,155.225,150.5201,154.33,5835301
2026-04-16,ANET,155.92,161.01,153.36,161.01,7205615.5
2026-04-17,ANET,162.235,165.28,160.47,164.23,8216373
2026-04-20,ANET,165,167.9,164.49,166.85,6113335
2026-04-21,ANET,170,173.85,167.22,172.86,8918861
2026-04-22,ANET,174.4,178.48,171.14,177.73,8699423
2026-04-23,ANET,177.5,177.75,169.38,172.55,7427999
2026-04-24,ANET,174.53,179.8,173.52,176.91,7508022
2026-04-27,ANET,176.72,176.76,168.51,172.47,6782537.5
2026-04-28,ANET,166.48,167.82,162.25,165.29,7414052
2026-04-29,ANET,166.1,168.73,163.42,168.68,6270538
2026-04-30,ANET,172.01,173.58,167.76,172.71,6141684.5
2026-05-01,ANET,172.99,177.18,172,172.7,7652434
2026-05-04,ANET,175.68,179.1,172.285,172.62,7167905
2026-05-05,ANET,177,177.22,169.89,170.22,15684758
2026-05-06,ANET,153,154.83,140.58,147.06,35627188
2026-05-07,ANET,149.22,149.44,139.68,141.75,18255654
2026-05-08,ANET,142.65,143.99,138.6,141.77,20371604
2026-05-11,ANET,141.4,142.62,135.13,136.43,18520886
2026-05-12,ANET,136.78,142.94,135.37,142.54,12796118
2026-05-13,ANET,144.8,147.31,140.3,140.69,14164577
2026-05-14,ANET,142.5,147.89,141,147.81,15728190
2026-05-15,ANET,144.99,145.9,141.78,141.97,10833005
2026-05-18,ANET,143.02,143.67,138.64,141.71,8634498
2026-05-19,ANET,139.58,142.5,137,141.58,8800776
2026-05-20,ANET,142,143.26,137.5,140.49,9617035
2026-05-21,ANET,139.3,148.99,139.125,148.59,11620557
2026-05-22,ANET,152.26,154.39,149,154.03,10562371
2026-05-26,ANET,157.505,160.14,153.89,158.01,11835308
2026-05-27,ANET,157.85,158.11,153.57,154.31,6990659.5
2026-05-28,ANET,154,156.3799,150.66,155.27,7194331.5
2026-05-29,ANET,157.4,161.4999,155.8,159.47,15393768
2026-06-01,ANET,162.14,172.33,161.28,170.68,9991469
2026-06-02,ANET,170.7,177.48,170.69,175.33,9144323
2026-06-03,ANET,175.49,177.48,168.71,174.37,8069719.5
2026-06-04,ANET,163.08,167.79,157.4,166.01,10213951
2026-06-05,ANET,159.46,161.1932,152.19,154.27,9094701
2026-06-08,ANET,157.95,159.23,153.2525,156.4,6043132.5
2026-06-09,ANET,157.75,158.99,145.32,152.16,7334063
2026-06-10,ANET,151,154.97,149,151.76,6867366.5
2026-06-11,ANET,153.58,157.07,150.28,156.4,5317889
2026-06-12,ANET,160.11,165.25,159.135,163.24,6052481.5
2026-06-15,ANET,165.96,169.28,163.51,169.09,7240757.5
2026-06-16,ANET,169.3,171.21,166.7801,168.01,8090874
2026-06-17,ANET,169.89,171.29,163.93,164.93,6229503.5
2026-06-18,ANET,171.2,172,167.585,169.67,11130444
2026-06-22,ANET,170.11,175.2,166.6601,174.56,9494375
2026-06-23,ANET,165.43,165.43,159.36,162.2,7770052
2026-06-24,ANET,162.325,165.68,160.57,161.74,6350625.5
2026-06-25,ANET,167.76,170.16,159.46,165.45,8231154
2026-06-26,ANET,159.94,161.23,154.74,157.6,11865246
2026-06-29,ANET,158.86,165.66,155.22,164.1,8535700
2026-06-30,ANET,164.11,172.549,162.7,169.88,10281794
2026-07-01,ANET,165.555,170.5,159.2,166.62,9098193
2026-07-02,ANET,166.36,167.735,156.65,159.99,9766524
2026-07-06,ANET,162.865,177.2,161.36,173.28,8509276
2026-07-07,ANET,169.1,169.23,162.59,166.46,8969201
2026-07-08,ANET,166.18,181.27,165.99,181.05,11912769
2026-07-09,ANET,187,189.817,179.8,184.69,9932028
2026-07-10,ANET,185.297,187.62,182.5,186.96,5592511.5
2026-07-13,ANET,186.265,189.56,180.5,181.15,9149528
2026-07-14,ANET,183.9,185.6,175.69,182.57,7566282
2026-07-15,ANET,184,186.21,166.5,171.92,8095902.5
2026-07-16,ANET,169.21,170.281,163.68,168.56,8412252
2026-07-17,ANET,163.105,171.43,157.13,168.61,7560355.5
2026-07-20,ANET,168.94,172.6,168.32,169.35,6025940.5
2026-07-21,ANET,174.44,177.88,172.1,174.58,6357829
2026-07-22,ANET,171.135,176.41,170,174.87,3342931.8
2026-07-23,ANET,172.77,179.48,172.77,176.61,4338769.5
2026-07-24,ANET,174,177.5125,170.9093,173.99,4721549
2026-07-27,ANET,175.21,176.73,165.9,170.76,6025139.5
2026-07-28,ANET,165.57,169.97,159.27,169.71,8571277
2026-07-29,ANET,168.45,169.33,156.84,157.97,8189460.5
2026-07-30,ANET,164.56,171.51,164.4848,171.02,7289658
2026-07-31,ANET,177.6,183.52,175.7,180.35,8472344
2026-08-03,ANET,174.42,186.57,173.45,184.89,8335737
2026-08-04,ANET,187.7,194.3499,187.0106,190.51,14097400
